999896
999826
999712
999246
998989
998987
998918
998909
998845
998772
998744
998696
998519
998440
998433
998371
998354
998173
998034
997906
997651
997533
997532
997524
997460
997400
997352
997351
997299
996903
996890
996589
996462
996420
996041
995964
995733
995697
995625
995504
995120
995045
995007
994799
994771
994762
994747
994420
994342
994153
994142
993958
993882
993873
993710
993650
993627
993373
993331
993285
993224
993220
993122
993100
993034
993017
992990
992861
992801
992775
992695
992646
992633
992593
992501
992361
992269
992121
992077
991970
991870
991790
991783
991666
991312
991289
991226
991217
991148
990974
990955
990946
990665
990650
990539
990426
990356
990278
990249
990107
989823
989796
989405
989375
989296
989253
989050
988697
988659
988608
988606
988595
988532
988455
988395
988218
987849
987822
987781
987629
987628
987552
987524
987435
987389
987385
987279
987268
987109
986974
986868
986811
986716
986572
986492
986430
986288
985800
985797
985793
985749
985677
985193
984868
984686
984310
984252
984204
984135
984127
984123
984005
983944
983702
983567
983494
983419
983306
983024
982751
982638
982617
982586
982569
982498
982434
982382
982207
982114
982094
982037
981987
981953
981908
981890
981820
981808
981792
981769
981700
981603
981449
981338
981333
981263
980878
980750
980650
980614
980466
980433
980390
980264
980102
979612
979495
979480
979445
979440
979334
979328
979324
979046
979001
978999
978793
978455
978379
978335
978221
978149
978023
977940
977769
977730
977638
977606
977472
977441
977439
977258
977029
976827
976794
976790
976784
976642
976587
976572
976403
976352
976288
976179
976142
976060
976023
975863
975850
975587
975435
975415
975350
975340
975198
975028
974853
974796
974732
974727
974688
974605
974565
974536
974335
974003
973793
973610
973580
973550
973471
973466
973363
973238
973021
973018
972878
972745
972590
972584
972260
972259
972225
972099
971976
971905
971866
971845
971801
971782
971751
971741
971617
971505
971406
971357
971222
971174
971082
971053
970932
970741
970684
970679
970519
970510
970497
970218
970134
969956
969905
969893
969497
969220
969104
969075
969010
968902
968883
968847
968637
968481
968375
968346
968328
968322
968138
967971
967951
967939
967876
967764
967746
967695
967689
967659
967587
967566
967535
967534
967227
967026
966990
966931
966912
966799
966748
966718
966674
966635
966560
966514
966386
966384
966316
965603
965067
964754
964742
964651
964445
964236
964040
963997
963867
963836
963643
963613
963600
963474
963466
963024
962999
962946
962921
962866
962693
962462
962456
962437
962383
961873
961865
961816
961768
961744
961424
961403
961254
960791
960734
960633
960582
960542
960313
960304
960197
960167
960132
960004
959689
959631
959617
959606
959570
959563
959441
959299
959240
959225
959027
958811
958738
958639
958632
958279
958142
958135
958020
958005
957657
957614
957581
957508
957470
957240
957127
957035
957004
956874
956769
956763
956760
956695
956605
956598
956563
956362
956319
956168
956097
955954
955466
955339
955273
955246
954917
954772
954688
954610
954333
954228
954225
954029
953927
953869
953808
953729
953320
953207
953003
952880
952657
952518
952493
952404
952349
952191
952074
952023
951990
951987
951943
951899
951772
951731
951727
951717
951664
951620
951437
951383
951289
951215
951209
951196
950649
950643
950527
950507
950468
950439
950418
950410
950270
950182
950111
950070
950038
950003
949744
949634
949595
949556
949414
949377
949283
949192
949140
949002
948520
948307
948114
948070
947952
947932
947911
947754
947733
947701
947558
947547
947201
947178
946858
946834
946692
946586
946497
946374
946309
946305
946225
946191
945987
945881
945854
945653
945580
945326
945283
945250
945205
945182
944723
944711
944710
944671
944660
944580
944540
944406
944127
943971
943946
943907
943895
943831
943801
943551
943533
943531
943516
943440
943399
943324
943279
943229
943067
943041
943001
942939
942881
942808
942807
942766
942745
942625
942456
942364
942360
942301
942205
942013
941995
941912
941829
941763
941706
941577
941455
941408
941211
941195
941129
941122
941042
941030
941020
940983
940946
940839
940726
940513
940233
940159
939965
939925
939903
939902
939899
939867
939864
939747
939532
939328
939088
939077
939051
939015
938752
938730
938712
938664
938526
938462
938349
938188
938177
938170
938054
937534
937469
937366
937353
937242
937179
937011
936942
936892
936867
936766
936759
936595
936560
936530
936483
936341
936201
935979
935971
935959
935909
935595
935558
935449
935327
935265
935113
935028
935026
934990
934978
934973
934820
934760
934404
934370
934236
934140
933859
933718
933693
933624
933532
933055
933040
933031
932706
932658
932532
932495
932448
932430
932378
932303
932189
932061
932044
931716
931703
931572
931165
931151
931063
930996
930912
930764
930664
930648
930641
930575
930574
930458
930013
929923
929890
929716
929457
929095
929023
928796
928620
928125
927798
927705
927490
927308
927206
927133
927130
927050
926932
926789
926765
926645
926605
926432
926420
926357
926318
925954
925888
925863
925562
925398
925392
925229
925141
925073
924731
924542
924497
924448
924356
924179
924115
924065
924039
923844
923645
923495
923418
923329
923253
923244
923099
922936
922821
922716
922693
922437
922228
922227
922174
921795
921734
921642
921521
921373
921148
921094
920978
920970
920925
920879
920854
920816
920796
920790
920778
920657
920643
920518
920436
920389
920002
919973
919843
919742
919668
919476
919292
919258
918990
918945
918937
918920
918855
918682
918515
918474
918318
918163
918128
917956
917927
917871
917690
917686
917680
917461
917295
917210
917053
917011
917000
916776
916708
916638
916522
916171
916034
915875
915731
915563
915554
915528
915323
915290
915248
915148
915074
914967
914726
914596
914498
914443
914370
914138
914005
913996
913595
913520
913479
913438
913142
913098
913004
912784
912676
912612
912510
912067
911993
911970
911955
911833
911719
911623
911573
911534
911504
911492
911388
911321
911266
911066
910998
910967
910810
910754
910585
910485
910457
910446
910273
910272
910162
910085
910042
910035
909824
909812
909609
909526
909449
909400
909388
909353
909344
909122
909029
909006
908988
908816
908635
908616
908607
908560
908558
908554
908553
908548
908499
908428
908388
908287
908230
908215
908089
907974
907861
907836
907342
907147
907140
906924
906655
906585
906546
906124
906095
906051
905990
905504
905498
905456
905438
905250
905156
905036
904967
904958
904910
904849
904835
904766
904675
904673
904513
904497
904490
904219
904185
904110
903861
903855
903823
903820
903712
903711
903696
903687
903563
903457
903451
903387
903279
903237
903125
903026
902985
902837
902418
902393
902287
902254
902203
902136
902118
902078
902052
901992
901926
901906
901695
901693
901680
901533
901467
901418
901249
901188
901187
901183
901164
901110
900953
900914
900768
900730
900700
900694
900485
900445
900410
900392
900370
900274
900142
899995
899865
899740
899726
899707
899654
899503
899470
899327
899290
899081
898877
898659
898636
898618
898526
898427
898288
898193
898122
898101
898070
898033
897984
897934
897882
897773
897723
897668
897636
897569
897552
897536
897481
897427
897421
897228
897159
897069
896962
896591
896529
896395
896253
895756
895531
895528
895452
895377
895145
895066
894993
894960
894881
894759
894736
894615
894461
894329
894193
894061
893982
893939
893881
893709
893700
893444
893391
893164
893122
893121
893111
893026
893011
892901
892848
892768
892546
892519
892438
892387
892349
892335
892253
892251
892219
892091
892051
892020
891969
891796
891691
891640
891590
891418
891398
891382
891163
891087
891065
890977
890753
890496
890437
890333
890181
890175
890163
890130
889575
889527
889475
889467
889254
889129
888946
888814
888721
888630
888624
888614
888500
888427
888267
888161
888016
888006
887978
887789
887750
887733
887716
887628
887556
887417
887273
887112
887071
886982
886947
886886
886711
886662
886566
886561
886456
886396
886267
886109
886078
886030
886023
885946
885778
885547
885445
885201
885161
885109
885059
884912
884834
884803
884590
884307
884277
884014
883855
883853
883795
883579
883363
883309
883276
883182
883151
882955
882912
882805
882792
882723
882531
882457
882323
882275
882194
881839
881805
881708
881664
881620
881615
881549
881359
881358
881295
881283
881151
881026
880772
880543
880434
880350
880094
879989
879783
879652
879638
879606
879581
879570
879448
879391
879372
879320
879265
879238
879087
879082
878975
878894
878811
878749
878723
878720
878718
878450
878388
878346
878315
878258
878096
877983
877921
877844
877772
877670
877665
877620
877336
877169
877117
877074
876978
876862
876734
876531
876108
876102
876030
875902
875877
875763
875743
875574
875533
875533
875533
875497
875411
875207
874988
874974
874970
874957
874608
874522
874519
874253
874080
874067
874055
874014
873991
873859
873833
873652
873473
873465
873455
872889
872869
872748
872616
872607
872563
872549
872354
872266
872168
872008
871768
871638
871575
871457
871349
871299
871176
871176
870999
870962
870804
870711
870624
870613
870550
870251
870208
870153
870051
870018
870003
869944
869905
869890
869718
869628
869370
869235
869088
869085
869059
868967
868815
868811
868785
868424
868400
868257
868250
868013
868011
867777
867674
867660
867616
867513
867478
867432
866826
866824
866753
866715
866441
866014
865980
865914
865855
865706
865677
865566
865548
865338
865278
865126
865045
864805
864729
864728
864703
864678
864648
864480
864472
864342
864321
864316
864259
864169
863947
863918
863913
863851
863758
863640
863616
863608
863542
863374
863249
863079
862834
862827
862238
862151
862120
862054
861876
861636
861611
861585
861548
861411
861364
861287
861148
861074
861048
860676
860544
860523
859986
859960
859719
859712
859633
859593
859575
859344
858998
858936
858812
858539
858277
858261
858219
858194
858167
858021
857995
857878
857793
857727
857432
857299
857152
856967
856935
856788
856730
856622
856452
856428
856396
856350
856313
856272
856142
856094
855898
855715
855634
855604
855565
855556
855379
855210
855191
855149
855079
854910
854795
854713
854683
854640
854567
854384
854277
854006
853983
853743
853702
853692
853575
853508
853448
853191
853112
853050
852968
852391
852254
852230
852202
852091
851788
851772
851708
851661
851572
851475
851348
851317
851301
851214
851110
850981
850979
850968
850913
850816
850767
850483
850428
850273
850167
850091
850088
850037
850033
849989
849956
849766
849734
849696
849569
849495
849475
849416
849412
849345
849293
849072
849016
848662
848612
848445
848423
848146
848014
847872
847788
847639
847566
847443
847303
847287
847222
847161
847071
847060
846965
846922
846722
846722
846695
846161
846154
846088
845935
845861
845788
845723
845622
845589
845475
845242
845045
845004
845000
844922
844904
844887
844409
844348
844344
844311
844231
844168
844149
844136
844087
844087
844054
843935
843865
843835
843830
843817
843620
843453
843242
843061
843055
842970
842967
842953
842825
842813
842750
842741
842604
842178
842162
842117
842101
841976
841973
841969
841846
841776
841745
841738
841695
841621
841342
841090
840999
840973
840949
840794
840683
840578
840545
840539
840497
840050
839963
839781
839390
839126
839076
839060
838938
838873
838868
838765
838725
838721
838678
838554
838480
838407
838375
838337
838289
838263
838219
837992
837875
837854
837840
837799
837642
837620
837471
837355
837327
837029
836876
836801
836800
836666
836477
836344
836318
836029
836004
835952
835889
835850
835776
835429
835401
835362
835358
835306
835237
835168
835101
835099
835028
835020
834852
834788
834674
834628
834450
834409
834285
833981
833970
833950
833935
833811
833731
833666
833479
833353
833231
832954
832916
832759
832680
832558
832535
832527
832452
832417
832412
832331
832223
832031
832018
831923
831884
831869
831764
831740
831668
831604
831561
831486
831410
831229
831174
831132
831088
831079
830854
830833
830830
830815
830734
830329
830320
830130
829972
829957
829694
829599
829471
829442
829300
829275
829210
829136
829099
828985
828914
828909
828803
828425
828410
828205
828128
828127
827963
827837
827819
827591
827562
827535
827502
827406
827393
827332
827324
827264
827179
827054
827033
826680
826574
826477
826448
826428
826364
826163
826145
826096
826088
826082
825987
825957
825765
825744
825722
825716
825362
825289
825128
825023
825018
824591
824347
824312
824275
824139
824092
824072
823921
823910
823865
823855
823731
823516
823431
823372
823161
823109
823016
822980
822887
822886
822729
822462
822416
822362
822335
822186
822155
822025
821915
821909
821770
821770
821718
821439
821380
821246
821229
821162
821068
821042
820867
820699
820508
820417
820139
820089
820082
819964
819850
819805
819715
819600
819531
819518
819452
819445
819366
819339
819297
819271
819254
819210
818935
818899
818848
818792
818746
818555
818478
818391
818366
818181
818052
817920
817883
817727
817711
817627
817584
817376
817274
817266
817133
817125
817068
816543
816442
816077
815946
815806
815767
815693
815472
815433
815406
815297
815295
815267
815087
815044
815006
814785
814718
814228
814207
814149
814141
814066
813922
813883
813641
813639
813532
813515
813470
813246
813135
813031
812896
812726
812417
812374
812173
812131
811970
811846
811765
811757
811698
811454
811420
811290
811224
810927
810783
810712
810269
810129
810095
809873
809784
809752
809471
809436
809233
809186
809055
809049
809003
808919
808748
808610
808525
808500
808497
808394
808280
808269
808252
807369
807240
806975
806961
806886
806868
806802
806664
806589
806520
806476
806357
806301
806239
806212
806047
805837
805543
805526
805360
805300
805118
805028
805007
804966
804961
804911
804669
804649
804488
804280
804255
804255
804216
803885
803879
803832
803621
803527
803504
803476
803417
803261
803048
802860
802779
802625
802572
802569
802559
802515
802503
802483
802324
802201
801876
801861
801847
801647
801540
801468
801393
801360
801321
801296
801089
800881
800840
800759
800719
800662
800621
800492
800448
800423
800384
800375
800212
799962
799729
799590
799364
799295
799235
799159
798940
798592
798450
798356
798323
798039
798021
797929
797913
797693
797687
797534
797525
797491
797471
797353
797178
797120
796990
796952
796890
796842
796745
796722
796712
796576
796560
796449
796373
796305
796301
796283
795950
795643
795480
795363
795127
795089
795086
795054
794860
794596
794498
794466
794436
794263
794115
793995
793949
793927
793893
793888
793821
793814
793727
793714
793661
793193
792997
792782
792664
792511
792475
792431
792426
792422
792387
792340
792183
792181
792177
792097
791989
791988
791512
791469
791318
791195
791158
791099
790967
790673
790650
790485
790463
790454
790365
790268
790253
790177
790164
790099
790010
789951
789915
789906
789741
789715
789710
789501
789440
788932
788705
788524
788518
788479
788253
788043
787968
787967
787891
787867
787465
787456
787369
787294
787236
787217
787208
787046
786899
786482
786464
786218
785900
785814
785657
785629
785363
785075
785015
784913
784874
784874
784820
784600
784561
784501
784225
784201
784046
784040
784018
783957
783762
783750
783722
783716
783665
783644
783555
783495
783452
783271
783245
783207
783203
783189
782930
782901
782885
782700
782661
782588
782405
782360
782137
781992
781987
781820
781754
781723
781613
781354
781335
781082
781004
780969
780849
780822
780767
780755
780743
780641
780425
780249
780192
780161
780114
779971
779906
779513
779499
779317
779304
779255
779189
779146
779125
779080
778990
778884
778741
778653
778579
778289
778134
778110
778086
777858
777856
777755
777731
777671
777593
777586
777361
777326
777235
777017
776931
776903
776660
776496
776492
776487
776427
776411
776380
776255
776085
775954
775942
775926
775667
775632
775515
775488
775296
775261
775248
775232
775174
775157
774995
774940
774889
774879
774597
774533
774457
774360
774360
774350
774257
774075
773883
773598
773109
772667
772597
772562
772540
772335
772138
772097
772022
771923
771887
771608
771490
771476
771238
771214
770943
770788
770444
770387
770328
770236
770027
769993
769908
769869
769866
769836
769825
769706
769655
769640
769607
769522
769432
769237
769212
769191
769064
768944
768825
768778
768646
768494
768459
768272
768217
768080
767803
767799
767531
767305
767147
767120
767078
766557
766468
766356
766316
766307
766047
765989
765975
765929
765811
765709
765595
765501
765472
765407
765364
765086
764968
764933
764873
764833
764815
764671
764664
764562
764386
764005
763984
763873
763872
763855
763784
763747
763357
763330
763278
763172
763104
762977
762883
762877
762726
762622
762545
762500
762496
762443
762378
762296
762265
762202
762180
762024
761964
761930
761924
761817
761793
761628
761590
761457
761257
760960
760789
760669
760633
760465
760455
760318
760306
760247
760062
759833
759802
759778
759730
759713
759531
759526
759507
759438
759350
759302
759181
759037
758842
758671
758623
758504
758494
758470
758445
758420
758283
758135
757805
757765
757733
757642
757592
757582
757562
757541
757258
757106
757100
757056
756931
756836
756791
756758
756728
756678
756622
756542
756511
756496
756022
755892
755843
755559
755515
755479
755321
755255
755069
755047
754848
754725
754713
754659
754480
754102
754076
753527
753445
753353
753059
753007
752984
752879
752741
752593
752526
752389
752336
752152
752131
752114
752088
751712
751672
751669
751602
751467
751432
751361
751259
751207
751187
751146
751017
750946
750781
750746
750703
750649
750480
750473
750342
750239
750223
750131
749970
749878
749873
749711
749709
749590
749409
749386
749356
749091
748991
748941
748808
748755
748521
748417
748410
748332
748202
748184
748082
747906
747866
747795
747766
747716
747673
747493
747455
747414
747389
747327
747079
747043
747027
747026
746881
746721
746693
746623
746595
746230
746227
746206
746142
746043
746035
745698
745624
745506
745288
745285
745282
745272
745248
745188
745159
745149
744841
744657
744516
744374
744341
744129
743838
743806
743753
743724
743712
743673
743599
743541
743526
743463
743360
743316
743296
743201
743187
742955
742831
742727
742724
742689
742688
742630
742594
742583
742545
742370
742330
742309
742255
742211
742140
742057
742050
741721
741644
741579
741447
741360
741341
741047
741015
740858
740807
740301
740254
740171
740136
740118
740109
739551
739518
739396
739342
739296
739279
739278
739258
739033
738934
738336
738331
738083
738023
737902
737779
737743
737677
737558
737451
737352
737301
737272
737228
737144
737125
737081
736960
736902
736856
736762
736631
736598
736487
736421
736415
736399
736142
736111
735745
735744
735740
735697
735547
735518
735179
735000
734936
734927
734742
734701
734608
734551
734379
734262
733890
733700
733484
733436
733332
733109
733059
733033
733025
732944
732916
732823
732792
732782
732741
732733
732668
732522
732515
732503
732381
732266
732115
732067
731915
731900
731744
731724
731692
731641
731402
731393
731380
731279
731244
731187
731113
730953
730869
730779
730736
730640
730637
730367
730252
730006
729805
729756
729734
729438
729357
729332
729159
729005
728912
728833
728819
728776
728703
728669
728642
728499
728447
728236
728153
728130
728058
727317
726994
726952
726932
726885
726825
726688
726534
726463
726126
726023
725832
725813
725619
725527
725504
725504
725442
725210
725138
725094
724856
724669
724338
724296
724157
724121
723979
723921
723847
723815
723665
723632
723547
723505
723387
723368
723337
723289
723251
723028
722995
722813
722759
722470
722447
722296
722239
722142
722114
722096
721871
721726
721581
721490
721246
721189
721064
720862
720764
720690
720565
720516
720413
720281
720262
720150
720133
720124
720009
719728
719704
719697
719668
719607
719434
719289
719245
719122
719024
719014
718454
718355
718195
718131
718068
717776
717692
717658
717582
717507
717487
717323
717283
717130
717128
717105
717063
717059
717056
717019
716986
716947
716766
716720
716617
716388
716294
716247
716220
716043
715947
715871
715678
715661
715635
715488
715452
715396
715306
715216
715206
715009
714969
714958
714867
714836
714755
714685
714584
714484
714425
714417
714273
714168
714133
713966
713887
713869
713727
713702
713690
713369
713103
713035
712938
712810
712656
712598
712311
711964
711953
711893
711893
711801
711778
711746
711312
711263
711112
710841
710799
710773
710627
710535
710522
710467
710338
710333
710170
710089
710065
709949
709911
709718
709712
709660
709627
709597
709452
709230
709230
709118
709115
708953
708905
708878
708827
708773
708666
708633
708519
708460
708348
708238
708099
707953
707849
707844
707811
707748
707682
707660
707628
707613
707512
707482
707403
707280
707272
707102
706929
706853
706717
706667
706416
706410
706347
706294
706189
705916
705837
705812
705713
705483
705232
705083
704889
704733
704528
704199
703996
703689
703642
703571
703379
703060
703045
702960
702679
702659
702625
702485
701952
701897
701813
701774
701760
701709
701600
701596
701468
701134
701123
701092
701047
701000
700984
700888
700710
700684
700505
700411
700149
700135
699889
699822
699815
699553
699501
699459
699368
699304
699273
698943
698735
698676
698546
698515
698132
697910
697822
697810
697698
697472
697182
697065
697051
696704
696591
696522
696507
696159
695793
695749
695497
695436
695037
694989
694984
694868
694693
694387
694352
694349
694255
694193
694191
694130
693993
693899
693824
693734
693614
693357
692947
692780
692386
692024
692021
692002
692000
691997
691860
691849
691831
691479
691464
691245
691187
691171
691016
690965
690748
690667
690619
690593
690423
690378
690366
690362
690306
690203
689997
689996
689884
689728
689631
689421
689401
689400
689372
689281
689277
689001
688953
688913
688864
688749
688738
688608
688557
688325
688324
688305
688270
688234
688091
688040
688022
688000
687925
687634
687547
687520
687274
687253
687238
687186
687094
687086
686762
686498
686281
686202
686158
685945
685939
685882
685840
685637
684964
684839
684810
684776
684710
684592
684535
684309
684227
684026
683820
683816
683815
683814
683771
683745
683605
683527
683521
683353
683150
683149
682919
682793
682678
682549
682523
682517
682514
682430
682168
682072
682020
681962
681918
681875
681590
681561
681526
681526
681510
681378
681365
681284
681243
681110
681098
681046
681007
680968
680615
680570
680558
680540
680454
680435
680288
680262
680223
680156
680065
680019
680010
679981
679759
679742
679729
679692
679589
679504
679416
679287
679013
678906
678682
678568
678462
678375
678194
678164
678148
678059
677966
677833
677495
677367
677299
677288
677173
677153
676997
676933
676770
676676
676592
676559
676248
676140
675996
675899
675690
675379
675201
674937
674917
674896
674883
674717
674703
674576
674544
674513
674439
674421
674326
674198
674160
674037
673990
673963
673918
673840
673782
673770
673479
673376
673330
673323
673292
673246
673224
672994
672708
672618
672573
672558
672537
672508
672495
672431
672383
672174
672155
672077
672044
671982
671927
671641
671618
671427
671401
671332
671054
671021
671017
670972
670863
670843
670725
670715
670676
670671
670667
670537
670142
670072
669982
669718
669711
669655
669631
669190
669070
669059
668931
668872
668846
668821
668727
668554
668500
668151
668111
668108
668034
667990
667976
667869
667829
667706
667587
667583
667548
667522
667512
667153
666948
666931
666925
666890
666845
666828
666661
666617
666283
666259
666190
666107
666066
666025
666021
665766
665742
665647
665412
665358
665281
665140
665104
665048
664874
664861
664566
664332
664316
664258
664198
664136
663985
663826
663765
663740
663576
663518
663504
663489
663474
663267
663081
662868
662623
662464
662437
662306
662255
662202
662092
662077
661994
661965
661921
661779
661738
661713
661418
661373
661287
661217
661182
661120
660992
660891
660807
660703
660597
660553
660393
660375
660247
660091
660043
659977
659968
659788
659788
659687
659455
659441
659228
659084
658986
658671
658567
658490
658459
658356
658355
658244
658181
658173
657959
657856
657811
657810
657772
657638
657606
657600
657521
657501
657479
657412
657319
657250
657219
657098
657021
656893
656667
656459
656375
656225
656201
656060
655958
655830
655656
655587
655538
655514
655374
655292
655274
655107
654903
654866
654853
654772
654583
654505
654492
654288
654112
654061
653930
653920
653731
653678
653606
653558
653520
653507
653506
653482
653455
653397
653363
653307
653250
653240
653109
653076
653039
652988
652911
652875
652867
652802
652776
652774
652714
652649
652546
652179
652163
651995
651724
651714
651600
651550
651475
651156
651043
650846
650797
650632
650561
650456
650382
650309
650223
650214
650155
650152
650145
650111
650111
650040
650017
650008
649927
649682
649625
649561
648940
648888
648873
648827
648808
648776
648521
648277
648205
648042
647841
647658
647585
647567
647470
647375
647195
647093
646974
646894
646719
646671
646625
646609
646341
646306
646069
645911
645908
645779
645659
645479
645315
645150
645043
644898
644785
644653
644566
644050
644027
643977
643932
643779
643578
643564
643558
643440
643311
643257
643241
643205
643188
643000
642961
642890
642868
642635
642514
642437
642397
642231
642210
642076
642064
642050
641804
641733
641151
641096
640962
640932
640868
640837
640722
640629
640506
640422
640407
640092
640074
639981
639955
639833
639772
639703
639684
639443
639313
639196
639094
639001
638985
638969
638927
638595
638559
638097
638073
638061
637935
637879
637837
637503
637467
636859
636759
636752
636750
636677
636587
636495
636488
636429
636354
636298
636253
636121
636078
635965
635643
635571
635482
635344
635337
635212
635164
635080
635031
634962
634876
634872
634779
634713
634623
634457
634310
634100
634049
633979
633960
633949
633828
633801
633696
633540
633350
633305
633207
633194
632843
632676
632634
632589
632581
632438
632412
632100
632089
632068
631833
631812
631643
631577
631364
631300
631220
631207
631203
631121
631036
631015
631003
630930
630877
630777
630541
630493
630218
629844
629766
629730
629630
629541
629241
629172
629011
628974
628868
628792
628553
628548
628531
628410
628302
628170
628037
628013
627990
627967
627703
627695
627343
627243
627058
626997
626926
626887
626676
626239
626106
626104
625944
625906
625845
625784
625763
625673
625458
625272
625242
624909
624885
624660
624433
624432
624147
623899
623716
623664
623610
623560
623537
623400
623276
623211
622980
622907
622862
622796
622430
622381
622352
622330
621532
621507
621334
621220
621178
621124
620931
620915
620900
620752
620739
620664
620654
620649
620638
620522
620360
620349
620291
620214
620029
619954
619822
619816
619747
619724
619656
619624
619412
619144
619047
618724
618704
618606
618544
618518
618316
618143
618092
617524
617400
617217
617166
617158
617126
617084
617021
616986
616976
616953
616922
616691
616669
616656
616276
616096
615816
615811
615674
615518
615471
615293
615273
615150
615074
615018
614879
614843
614761
614705
614649
614317
614295
614274
614185
614153
614123
614111
614090
613935
613894
613804
613753
613750
613723
613397
613367
613333
613288
613209
613174
613002
612978
612944
612889
612835
612718
612654
612608
612594
612563
612273
611940
611899
611570
611503
611463
611325
611167
611033
610892
610865
610757
610754
610732
610712
610685
610681
610656
610609
610509
610500
610448
610434
610308
610083
610032
609881
609665
609513
608966
608864
608697
608600
608442
608411
608406
608342
608125
608108
608089
608086
608051
607893
607885
607866
607674
607497
607354
607137
607120
607096
607014
606845
606808
606570
606496
606115
606075
606013
605918
605898
605344
605321
605241
605233
605227
605220
605214
605014
604984
604698
604672
604590
604556
604550
604370
604295
604252
603950
603942
603819
603713
603636
603585
603467
603451
603439
603421
603316
603198
603022
602985
602937
602605
602179
602147
602124
602109
602079
601797
601542
601536
601209
601138
601127
601064
601013
600957
600885
600881
600820
600762
600735
600570
600545
600516
600336
600324
600227
600186
599971
599776
599734
599705
599512
599207
599068
599047
598863
598857
598753
598735
598421
598198
597998
597888
597835
597833
597737
597603
597443
597435
597282
597052
597017
596802
596707
596683
596608
596500
596451
596392
596307
596269
596238
596220
596214
596202
596181
596162
595709
595685
595685
595488
594948
594881
594880
594833
594765
594696
594672
594617
594612
594441
594151
594113
594034
594027
593971
593852
593821
593733
593601
593589
593505
593469
593348
593321
593182
593141
593074
592976
592956
592677
592483
592445
592359
592225
592070
591978
591921
591914
591851
591778
591712
591651
591487
591406
591395
591201
590984
590853
590545
590472
590454
590395
590314
590285
590175
590031
589890
589785
589652
589644
589560
589386
589185
589143
589134
588954
588933
588751
588480
588371
588315
588234
588171
588141
588016
587495
587398
587394
587346
587212
587115
586879
586807
586804
586662
586639
586633
586584
586328
586284
586147
585704
585383
585336
585186
585133
585046
584989
584951
584800
584784
584779
584743
584731
584583
584575
584407
584334
584062
584007
583989
583984
583770
583634
583469
583406
583401
583317
583278
583259
583137
583082
582957
582712
582476
582460
582305
582060
581593
581592
581548
581525
581508
581505
581405
581385
581240
581227
581109
580943
580779
580514
580504
580305
580218
580080
580048
580021
579986
579947
579726
579714
579312
579294
579260
579220
579063
579002
578880
578788
578487
578438
578415
578273
578265
578256
578130
578112
578034
577941
577702
577630
577534
577481
577345
577215
577157
577151
577051
576709
576684
576377
576094
576009
575974
575686
575577
575475
575406
575228
575188
575133
575083
575004
574834
574744
574662
574598
574483
574472
574290
574260
574259
574108
574025
573950
573844
573676
573537
573470
573225
573091
572858
572852
572801
572631
572559
572542
572519
572512
572499
572494
572428
572422
572228
572193
572152
572058
572018
572013
571906
571899
571863
571851
571694
571653
571644
571525
571475
571232
571111
571083
571015
570962
570751
570507
570335
570246
570160
570101
570076
569975
569945
569908
569695
569691
569418
569316
569248
568973
568951
568796
568763
568191
568149
568101
567871
567758
567524
567510
567421
567377
567078
566995
566908
566896
566889
566714
566705
566692
566492
566378
566372
566318
566292
566198
565721
565645
565594
565262
565165
565068
564969
564806
564782
564601
564565
564543
564374
564302
564297
564245
564224
564185
564175
564123
564078
564022
563880
563847
563820
563794
563747
563517
563393
563267
563202
563104
562818
562734
562639
562433
562326
562316
562294
562260
562156
562124
561944
561833
561696
561653
561565
561456
561409
561354
561353
561342
561321
561216
561197
561157
561100
561090
560835
560385
560139
560082
560079
559642
559470
559375
559370
559006
558940
558888
558644
558283
558101
557850
557757
557540
557408
557370
557367
557360
557227
557204
557186
557155
557143
557114
557092
556924
556819
556780
556709
556696
556517
556456
556449
556142
556115
555757
555748
555623
555592
555561
555526
555520
555466
555226
555141
555070
555048
554640
554631
554500
554450
554380
554281
554233
554157
554094
554077
553755
553618
553563
553499
553342
553209
553090
552975
552924
552813
552699
552475
552405
552169
551975
551975
551938
551731
551669
551265
551210
551171
551112
551034
550848
550806
550790
550769
550696
550637
550495
550452
550335
550325
550154
550102
550030
550020
549978
549881
549675
549529
549323
549252
549228
549199
549123
549085
549016
548878
548873
548864
548711
548680
548628
548626
548507
548406
548338
548200
547967
547782
547768
547757
547637
547397
547210
547144
547035
547030
546988
546959
546910
546881
546717
546517
546460
546090
546084
545900
545839
545809
545644
545459
545338
545320
545212
545142
545109
545020
544819
544684
544452
544407
544249
544193
544145
544103
543906
543885
543547
543506
543391
543140
543097
543047
542949
542934
542930
542743
542706
542670
542587
542580
542328
542236
542156
542013
541928
541739
541734
541650
541395
541338
541225
541194
541108
541059
541043
540986
540896
540762
540692
540690
540679
540288
540183
539946
539920
539721
539708
539642
539492
539415
539337
539276
539102
539064
538840
538827
538739
538724
538639
538621
538602
538580
538544
538288
538242
538176
537872
537676
537448
537445
537415
537402
537329
537214
536906
536731
536674
536458
536391
536376
536258
536247
536076
535858
535843
535672
535515
535500
535318
535235
535175
534857
534800
534763
534599
534435
534397
534355
534198
534034
534005
533863
533862
533854
533819
533791
533784
533739
533528
533503
533477
533290
533233
533150
533115
533093
533075
532980
532972
532966
532934
532933
532820
532608
532600
532266
532117
532028
531751
531695
531687
531634
531536
531474
531332
531267
531230
531112
531096
531082
530959
530881
530848
530676
530615
530584
530400
530340
530319
530230
529962
529549
529209
529161
528886
528747
528743
528733
528592
528451
528008
527833
527801
527709
527676
527567
527462
527406
527257
527206
527204
527183
527173
527104
527054
527046
527040
527005
526912
526910
526584
526497
526466
526441
526400
526299
526227
526214
526140
526103
525833
525739
525727
525653
525652
525512
525495
525154
525137
524989
524733
524639
524433
524361
524051
523883
523691
523651
523627
523482
523379
523294
523232
523102
522852
522639
522609
522567
522420
522361
522196
522002
521986
521725
521718
521705
521673
521670
521550
521548
521543
521530
521364
521297
521209
521185
521060
520783
520768
520760
520716
520686
520606
520587
520486
520351
520336
520289
520078
519994
519955
519858
519822
519766
519642
519566
519412
519275
519224
519158
519132
519029
519004
518961
518890
518836
518778
518665
518590
518569
518464
518233
518199
518082
518074
518046
518036
517987
517955
517884
517661
517408
517400
517274
517245
517089
517076
516833
516706
516403
516377
516333
516229
516143
515736
515609
515586
515442
515280
515269
515234
515212
515177
515078
514981
514944
514935
514932
514907
514484
514359
514315
514278
514220
513662
513619
513556
513513
513455
513436
513251
513208
513134
513107
513021
512923
512903
512871
512741
512702
512656
512620
512615
512551
512483
512459
512317
512061
511911
511901
511861
511822
511760
511697
511594
511589
511234
510925
510876
510626
510513
510085
510084
509996
509983
509959
509947
509799
509797
509417
509242
509210
509130
509111
509093
508924
508923
508725
508671
508445
508410
508395
508288
508281
508129
508086
508003
507646
507613
507437
507305
506965
506776
506561
506445
506131
506084
505770
505686
505638
505616
505545
505496
505467
505352
505347
505233
505036
504859
504811
504684
504664
504649
504608
504562
504561
504496
504382
504346
504243
504010
503466
503381
503283
503244
502884
502870
502685
502631
502413
502340
502264
501893
501866
501716
501674
501647
501609
501593
501555
501430
501418
501242
501192
501131
500920
500812
500753
500450
500285
500230
500203
500146
500050
500020
499895
499742
499733
499483
499438
499132
499099
499044
499038
499013
498887
498855
498494
498459
498299
498223
498212
498142
497994
497883
497882
497768
497558
497298
496884
496832
496812
496689
496442
496437
496317
496254
496191
495978
495800
495726
495691
495619
495580
495517
495412
495378
495365
495149
495112
495033
495004
494986
494899
494897
494745
494453
494391
494179
493991
493979
493960
493940
493870
493853
493817
493667
493606
493589
493568
493493
493375
493313
493157
493148
493083
492983
492903
492834
492736
492721
492715
492532
492350
492185
492167
492137
492072
492004
491911
491763
490920
490768
490702
490675
490656
490624
490553
490495
490491
490488
490296
490200
489860
489752
489501
489446
489435
489288
489222
489120
489106
489006
488893
488883
488791
488766
488664
488533
488389
488196
488071
488021
488009
487951
487811
487760
487660
487554
487549
487337
487333
487029
487029
487010
486988
486956
486897
486776
486525
486295
486096
486080
486026
485994
485960
485884
485877
485851
485772
485684
485630
485243
485221
485140
485061
485024
485005
484824
484803
484679
484470
484102
483966
483836
483836
483825
483804
483654
483606
483593
483492
483333
483306
483228
483223
483218
482968
482926
482897
482856
482827
482735
482668
482609
482545
482449
482356
482197
482197
482174
482062
481764
481740
481709
481664
481623
481521
481239
481234
481209
481152
481105
481013
480783
480753
480710
480312
479909
479881
479756
479652
479569
479554
479553
479520
479458
479358
479351
479260
478957
478941
478753
478647
478612
478603
478349
478269
478172
478168
478120
478107
478078
478011
477688
477621
477530
477526
477434
477408
477376
477229
477080
477078
476786
476720
476678
476653
476578
476348
476336
476283
476217
476194
476129
476065
476011
475945
475901
475563
475519
475506
475274
475108
475089
475016
474548
474545
474521
474473
474278
474274
474233
474183
474088
473779
473751
473647
473637
473505
473490
473418
473331
473291
473277
473238
473235
473128
473010
473003
472870
472825
472741
472703
472642
472641
472435
472263
472249
472119
471841
471716
471589
471564
471200
471086
471010
470930
470880
470807
470777
470735
470675
470655
470598
470567
470550
470549
470404
470044
469848
469805
469784
469751
469583
469500
469401
469343
469216
469205
469127
469119
468972
468942
468907
468764
468726
468667
468650
468445
468228
467998
467783
467780
467661
467416
467227
467110
467083
466977
466909
466770
466584
466137
466071
466030
466001
466001
465923
465861
465842
465799
465591
465529
465498
465416
464970
464945
464821
464815
464579
464497
464481
464342
464209
464136
463798
463763
463697
463663
463657
463481
463427
463235
463152
463077
462975
462955
462729
462557
462314
462301
462264
462168
461987
461884
461605
461575
461559
461222
460847
460726
460459
460419
460277
459995
459898
459852
459756
459720
459693
459664
459565
459499
459467
459441
459183
459159
459019
458961
458593
458512
458477
458334
458292
458287
458262
458175
458119
458099
458014
457945
457905
457885
457753
457603
457600
457567
457342
457091
457054
456207
456181
455316
455303
455287
455222
455172
454933
454869
454725
454635
454610
454577
454391
454078
453975
453972
453939
453756
453560
453400
453378
453277
453162
453133
453015
452846
452831
452519
452480
452384
452246
452220
452128
452122
452074
451993
451896
451756
451573
451208
451206
450965
450927
450862
450826
450810
450534
450510
450468
450366
450316
450281
450145
449833
449832
449817
449711
449391
449154
449014
448644
448411
448237
448056
447996
447957
447885
447839
447473
447279
447152
447132
447118
446918
446779
446368
446265
446178
446137
446009
445855
445841
445812
445738
445694
445486
445389
445346
445217
444982
444917
444810
444752
444527
444426
444423
444350
444324
444314
444299
444286
443977
443831
443830
443646
443550
443127
443108
443044
443005
442806
442804
442660
442570
442287
442241
442215
441850
441836
441696
441687
441652
441562
441538
441510
441479
441434
441426
441405
441251
441200
441150
441055
440993
440810
440243
439705
439658
439621
439607
439594
439592
439327
439244
439133
439109
439019
438955
438916
438766
438617
438578
438536
438524
438434
438427
438279
438101
438083
438047
437950
437811
437792
437732
437668
437660
437368
437247
437168
437081
437037
436707
436592
436325
436294
436236
436148
436109
436059
435962
435955
435914
435861
435597
435521
435324
435319
435289
435270
435121
435114
435051
434705
434617
434424
434422
434239
434085
433971
433905
433879
433827
433815
433793
433694
433635
433447
433435
433426
433421
433417
433355
433345
433282
433258
433161
432433
432134
432059
431966
431931
431778
431736
431624
431594
431473
431443
431352
431027
430726
430661
430304
430270
430248
430243
430185
430088
430048
430024
430019
430017
429924
429914
429836
429826
429694
429689
429532
429370
429335
429324
429078
428818
428483
428406
428214
428060
428045
428018
427761
427599
427447
427337
427321
427301
427219
427151
426957
426857
426709
426576
426576
426532
426511
426489
426431
426348
426164
426161
426141
426024
425696
425628
425475
425424
425359
425261
425249
425076
425068
424621
424311
423956
423893
423867
423687
423655
423615
423584
423527
423284
423021
423001
422886
422567
422556
422405
422195
422173
422168
421928
421486
421429
421334
421321
421092
421057
421051
421026
420801
420636
420437
420390
420369
420361
420050
419984
419962
419876
419747
419603
419395
419287
419284
419201
419103
418986
418918
418864
418770
418736
418423
418350
418310
418185
418153
417895
417869
417860
417845
417732
417649
417392
417297
417123
416996
416978
416728
416668
416641
416620
416554
416541
416537
416302
416149
416025
416003
415959
415928
415915
415821
415779
415507
415465
415307
415266
415251
415145
414981
414830
414690
414652
414383
414312
414252
414225
414199
413954
413808
413795
413758
413585
413479
413265
413237
413208
413081
413056
413041
413007
412933
412863
412690
412582
412516
412412
412144
411924
411814
411704
411701
411612
411577
411160
411135
410916
410744
410726
410706
410622
410569
410486
410476
410299
410294
410284
410155
410123
410067
409896
409832
409706
409635
409593
409416
409324
409102
408908
408804
408763
408666
408586
408538
408472
408248
408159
408123
408042
407982
407911
407830
407778
407677
407611
407417
407085
407051
406963
406946
406909
406905
406621
406617
406602
406349
406163
406092
405964
405917
405867
405848
405815
405785
405267
405251
405160
404905
404824
404657
404656
404565
404330
404284
404268
404124
404124
404035
403618
403031
403024
403005
402965
402955
402951
402819
402593
402577
402131
401916
401887
401718
401713
401511
401302
401267
401228
400940
400777
400743
400720
400663
400641
400540
400343
400070
399698
399683
399616
399545
399470
399456
399235
399104
398830
398801
398613
398571
398566
398547
398527
398453
398448
398405
398375
398333
398275
398190
398092
398080
398059
398016
397713
397540
397287
397021
396889
396820
396746
396687
396561
396518
396296
396265
396021
395905
395849
395818
395559
395358
395230
395194
395144
395079
395035
394970
394821
394777
394775
394611
394415
394336
394033
393818
393795
393786
393591
393355
393080
392964
392817
392814
392810
392615
392592
392525
392458
392382
392275
392060
391644
391554
391506
391495
391407
391397
391381
391313
391270
391104
390966
390890
390862
390666
390663
390608
390546
390473
390369
390270
390265
390255
390242
390082
389946
389894
389686
389634
389516
389491
389484
389477
389475
389330
389328
389029
388952
388758
388720
388681
388544
388467
388410
388132
387739
387731
387676
387451
387289
387277
387179
387123
387085
386824
386644
386618
386305
386248
386151
385975
385917
385892
385839
385550
385480
385171
385050
385036
384989
384845
384836
384612
384538
384377
384347
383831
383827
383779
383707
383430
383418
383350
383303
383248
383188
383127
383070
383039
382916
382887
382870
382829
382685
382669
382629
382438
382432
382397
382299
382259
382249
382156
382154
382059
382024
382005
381761
381544
381447
381424
381418
381384
381305
381080
381070
380725
380659
380491
380455
380405
380368
380211
380059
380049
379897
379795
379778
379518
379278
379228
379105
378867
378492
378331
378309
378309
378287
378171
378100
378099
377966
377379
377326
377296
377230
377212
377195
377192
377102
377019
376999
376909
376801
376739
376662
376622
376546
376428
376397
376264
376193
376171
376144
376048
375990
375875
375860
375825
375642
375628
375615
375579
375537
375534
375447
375412
375235
375149
375042
374893
374853
374618
374587
374464
374334
374303
374111
373965
373924
373800
373720
373618
373574
373554
373230
373193
373164
373120
373011
373004
372891
372868
372834
372821
372819
372727
372665
372617
372507
372493
372006
371967
371906
371874
371785
371744
371735
371595
371577
371505
371499
371374
371308
371271
371236
371226
371127
371021
370945
370899
370875
370842
370766
370749
370668
370642
370536
370292
370247
370067
369913
369834
369650
369642
369527
369182
369042
368966
368887
368571
368525
368450
368326
368267
368239
368144
368120
368106
368101
368022
367937
367919
367917
367841
367617
367588
367541
367528
367470
367286
367266
367245
367216
367078
366755
366647
366645
366595
366520
366464
366349
366290
366206
366178
366170
366004
365841
365733
365600
365589
365514
365505
365243
365240
365234
365132
365089
365073
365046
365008
365008
364978
364792
364654
364547
364355
364206
364203
363977
363912
363864
363787
363771
363644
363508
363495
363328
363297
363061
362966
362965
362963
362680
362593
362552
362473
362461
362331
362329
362255
362149
362141
361905
361606
361555
361533
361485
361379
361359
361328
361268
361085
360979
360948
360923
360878
360754
360704
360701
360378
360245
360231
360173
360051
359902
359867
359792
359612
359594
359559
359455
359441
359351
359303
359275
359190
359074
359040
359038
359025
358787
358392
358230
358055
357906
357563
357471
357403
357343
357208
357087
356999
356980
356874
356661
356635
356538
356451
356381
356305
356300
356294
356275
356110
355969
355938
355875
355864
355706
355693
355366
355322
355249
355099
355070
354943
354854
354758
354694
354686
354612
354376
354334
354327
354313
354293
354248
353934
353853
353789
353756
353743
353608
353550
353524
353357
353272
353148
353121
353077
353058
352994
352851
352817
352762
352739
352443
352443
352437
352370
352314
352296
352141
352139
352074
352045
352036
352029
352009
351973
351950
351784
351715
351585
351514
351512
351475
351357
351303
351221
351167
351112
351048
350936
350921
350799
350705
350565
350541
350335
350277
350163
350022
349934
349843
349733
349709
349636
349527
349479
349315
349260
349221
349136
349101
349074
349044
349005
348972
348953
348869
348695
348527
348521
348514
348469
348458
348379
348334
348260
348226
348212
348118
348059
347821
347814
347727
347668
347447
347405
347176
347035
347008
346940
346907
346886
346843
346748
346688
346640
346393
346345
346332
346259
346253
346185
345823
345804
345762
345676
345639
345604
345446
345191
344943
344846
344816
344796
344731
344640
344429
344396
344150
343950
343889
343852
343760
343731
343638
343571
343503
343436
343411
343403
343358
343100
343058
342884
342773
342663
342634
342609
342558
342535
342240
342221
341673
341564
341553
341536
341299
341271
341218
341200
341051
341042
340995
340931
340811
340778
340763
340744
340692
340542
340450
340415
340193
340181
340130
340076
340063
339830
339753
339663
339618
339264
339161
339146
339082
339047
339004
338922
338718
338655
338642
338357
338342
338280
338002
337879
337736
337657
337616
337587
337573
337359
337282
337035
336844
336810
336680
336619
336433
336401
336301
336073
335787
335770
335767
335745
335723
335683
335660
335623
335612
335484
335473
335468
335362
335274
335101
335037
334606
334601
334568
334465
334389
334167
334032
333944
333869
333490
333450
333372
333362
333037
333020
332974
332887
332630
332265
332235
332230
332115
331995
331800
331793
331563
331558
331474
331411
331382
331145
330879
330831
330734
330583
330400
330066
329794
329733
329616
329559
329517
329498
329473
329298
329142
329107
329098
328885
328783
328670
328664
328593
328458
328414
328322
328210
328148
328142
328125
328110
328083
327923
327882
327797
327615
327593
327589
327493
327492
327088
326949
326924
326917
326886
326883
326706
326698
326576
326246
326169
326152
326116
326097
325838
325814
325807
325804
325761
325745
325647
325561
325477
325310
325215
325136
325110
325014
324858
324657
324159
323937
323888
323841
323818
323499
323424
323399
323395
323362
323331
323327
323250
323116
323076
322932
322851
322844
322794
322292
322268
322207
322180
322125
322087
322016
321968
321787
321542
321478
321397
321366
321296
320999
320892
320885
320798
320753
320646
320418
320311
320170
319988
319986
319856
319836
319816
319782
319700
319465
319437
319418
319361
319097
318805
318779
318739
318670
318469
318405
318278
318229
318044
318006
317795
317701
317499
317413
317356
317273
317148
317120
316984
316922
316889
316774
316718
316588
316432
316323
316211
316150
316112
315866
315737
315653
315564
315544
315535
315451
315328
315299
315204
315050
315006
314856
314831
314748
314709
314591
314341
314326
314278
314256
314104
314034
313979
313633
313471
313437
313434
313309
313292
313248
313068
313048
312888
312613
312510
312421
312343
312162
311807
311751
311576
311494
311288
311220
311141
311124
310997
310902
310885
310706
310603
310496
310462
310386
310379
310119
310049
309937
309866
309763
309489
309204
309155
309139
309088
308944
308938
308827
308729
308657
308486
308465
308328
308318
308313
308166
308075
308047
308040
307949
307715
307692
307596
307544
307440
307214
307144
307090
306989
306906
306885
306854
306811
306674
306613
306578
306550
306355
306312
306248
305919
305706
305576
305490
305365
305318
305298
305246
305113
305060
304793
304755
304538
304503
304470
304467
304465
304003
303997
303877
303875
303865
303785
303755
303567
303484
302946
302933
302721
302689
302675
302636
302429
302418
302408
302336
301771
301677
301416
301402
301233
300769
300642
300631
300517
300335
300274
300191
299984
299968
299852
299625
299592
299575
299528
299278
299220
299090
299005
298954
298699
298698
298540
298350
298327
298242
297897
297888
297726
297684
297592
297576
297576
297555
297529
297501
297293
297257
297225
296856
296508
296251
296221
296164
295986
295921
295812
295628
295614
295608
295596
295517
295509
295300
295176
295166
295065
294671
294605
294459
294445
294404
294335
294299
294120
294046
293888
293758
293685
293683
293654
293587
293433
293329
293296
293286
293207
293088
292835
292831
292757
292672
292565
292528
292495
292492
292388
292222
292202
292186
292184
292002
291886
291817
291697
291669
291444
291390
291388
291229
291129
291110
291030
291029
290966
290965
290899
290779
290684
290630
290620
290535
290506
290256
290243
290236
290115
290039
289916
289906
289714
289562
289455
289166
289104
289025
288906
288784
288717
288518
288475
288413
288365
288274
288270
288228
288008
287836
287764
287751
287739
287676
287521
287452
287436
287398
287366
287293
287151
287070
287057
287023
286994
286915
286737
286727
286653
286522
286515
286165
286112
285983
285980
285925
285917
285905
285901
285801
285597
285533
285451
285404
285305
285256
284884
284680
284553
284389
284383
284083
283906
283842
283475
283144
282959
282677
282340
282287
282268
282027
281911
281897
281827
281808
281808
281789
281610
281424
281249
281215
280985
280951
280933
280622
280552
280539
280434
280236
280208
280096
279979
279968
279770
279762
279734
279700
279676
279540
279536
279476
279192
278837
278833
278824
278601
278571
278429
278306
278269
278144
277915
277883
277797
277339
277234
277151
277056
277005
276954
276854
276806
276802
276794
276619
276475
276323
275899
275893
275837
275785
275611
275607
275575
275310
275091
275073
274812
274743
274688
274666
274616
274611
274599
274599
274566
274556
274497
274465
274158
274122
274117
274079
274056
273921
273918
273860
273736
273708
273671
273595
273469
273432
273312
273292
273245
273075
273065
273021
273010
273009
272857
272716
272663
272656
272552
272435
272427
272101
271968
271798
271793
271631
271625
271446
271173
271173
271171
271012
270874
270856
270761
270714
270582
270467
270463
270434
270428
270406
270239
270110
270009
269987
269958
269895
269825
269754
269615
269415
269353
269294
269270
269093
269024
268937
268920
268792
268721
268549
268510
268463
268107
268101
267933
267775
267530
267444
267421
267326
267252
267229
267095
267033
266799
266658
266525
266500
266414
266355
266351
266078
266056
266030
265687
265471
265397
265294
265262
265192
264925
264919
264899
264730
264417
264386
264375
264294
264249
264239
264142
263994
263927
263542
263427
263425
263326
263278
263202
263166
263129
263068
262854
262760
262665
262599
262430
262393
262340
262322
262126
262108
262077
262054
262028
261989
261978
261968
261698
261486
261419
261292
261214
261117
261032
261002
260974
260875
260687
260602
260558
260000
259992
259898
259767
259760
259556
259516
259400
259357
259299
259174
259018
258962
258663
258623
258601
258536
258520
258488
258402
258347
258227
257901
257753
257688
257649
257444
257438
257435
257151
257079
256723
256701
256670
256617
256605
256495
256444
256352
256319
256233
256216
256026
255979
255954
255897
255616
255605
255501
255499
255443
255348
255284
255252
255138
255116
254730
254616
254370
254351
254318
254299
254132
254129
254061
254002
253985
253906
253861
253627
253379
253098
253058
252876
252842
252729
252647
252633
252498
252489
252433
252412
252295
252252
252170
251828
251806
251663
251580
251578
251528
251409
251302
251248
251154
250995
250762
250372
250170
250055
249892
249799
249761
249560
249556
249461
249460
249373
249133
249086
248932
248920
248907
248642
248486
248170
248147
248040
248034
248004
248001
247976
247793
247782
247558
247555
247545
247449
247403
247395
247299
247176
247073
246995
246875
246813
246531
246495
246483
246463
246367
246264
246257
246233
246226
246199
246161
246117
246002
245590
245432
245307
245265
245154
244994
244886
244830
244709
244577
244517
244328
244197
244161
244103
244055
243910
243777
243600
243569
243453
243224
243056
242997
242900
242890
242819
242461
242299
242241
242234
242211
242119
242037
241999
241899
241894
241797
241775
241665
241603
241441
241355
241350
241277
241245
241160
241136
241107
241047
240979
240809
240675
240630
240412
240324
240241
240229
240123
240060
239852
239650
239588
239483
239349
239332
239316
239251
239144
239120
238923
238867
238665
238663
238439
237986
237929
237921
237842
237806
237776
237735
237379
237362
237318
237313
237227
237144
236950
236714
236687
236678
236624
236604
236556
236539
236535
236401
236195
236140
236081
235908
235829
235680
235669
235639
235602
235490
235471
235447
235375
235286
235215
235197
235149
235033
234952
234891
234798
234789
234579
234481
234449
234330
234329
234308
233892
233883
233694
233672
233598
233407
233387
233360
233306
233264
233211
233193
232872
232662
232612
232570
232442
232313
232103
231892
231864
231810
231545
231484
231412
231162
230919
230882
230844
230840
230789
230505
230426
230164
230057
229524
229460
229367
229351
229308
229289
229149
228982
228968
228673
228394
228389
228367
228325
228243
228240
228224
228136
228047
227996
227894
227668
227522
227503
227445
227291
227261
227191
227152
226860
226179
226167
226131
226121
226092
225970
225930
225489
225309
225262
225158
225050
225037
225005
224875
224869
224866
224855
224791
224683
224648
224548
224319
224135
223999
223907
223757
223651
223560
222962
222851
222757
222742
222697
222538
222307
222289
222095
221707
221532
221383
221121
221023
221005
220833
220816
220748
220564
220402
220368
220221
220142
220124
220026
220005
219859
219842
219830
219734
219577
219433
219409
219233
218976
218823
218687
218617
218271
218196
217856
217838
217806
217735
217631
217468
217207
217184
217158
217084
217049
217036
216945
216917
216827
216756
216659
216605
216595
216378
216375
216222
216117
216069
216017
216010
215947
215861
215860
215809
215793
215752
215326
215256
214987
214895
214777
214461
214420
214159
214156
214081
213999
213892
213868
213631
213527
213395
213367
213362
213358
213245
213206
213005
212959
212775
212685
212650
212472
212455
212145
212039
211928
211606
211552
211542
211467
211396
211302
211242
211230
211193
211187
211035
210775
210712
210615
210354
210021
210014
209938
209905
209865
209747
209697
209610
209608
209547
209490
209488
209473
209426
209321
209261
209074
209053
208974
208957
208938
208883
208870
208736
208724
208692
208503
208278
208276
208185
208167
208133
207779
207750
207588
207528
207237
207066
207026
206949
206649
206628
206509
206469
206404
206323
206315
206213
205929
205927
205878
205852
205349
205324
204956
204772
204596
204524
204378
204260
204216
204111
203849
203765
203737
203692
203668
203539
203537
203484
203467
203455
203195
203172
203024
202985
202842
202828
202808
202786
202756
202686
202409
202342
202018
201985
201889
201800
201544
201409
201336
201272
201265
201081
200946
200801
200748
200726
200701
200665
200526
200491
200472
200392
200274
200195
200155
199935
199851
199821
199762
199638
199609
199472
199237
199050
199046
198978
198691
198522
198449
198135
197967
197823
197810
197287
197136
197081
196949
196616
196423
196387
196362
196330
196196
196107
195909
195827
195801
195759
195700
195683
195161
195148
195035
194915
194770
194725
194632
194619
194612
194555
194357
194282
194159
193904
193497
193492
193480
193470
193411
192966
192952
192931
192827
192736
192458
192425
192274
191923
191599
191179
190934
190777
190758
190751
190667
190606
190556
190538
190480
190271
190265
190028
190016
189934
189914
189708
189637
189575
189453
189312
189274
189238
189207
189149
189115
188928
188867
188824
188799
188795
188774
188768
188692
188642
188636
188605
188452
188443
188380
188267
188138
188107
188025
187940
187934
187906
187837
187732
187698
187468
187230
187143
187119
187103
187039
186705
186653
186626
186561
186559
186479
186283
186126
186016
185827
185805
185747
185648
185606
185516
185448
185305
185200
185025
184874
184754
184655
184506
184278
183949
183736
183721
183577
183228
183042
182795
182595
182417
182310
182267
182121
181765
181756
181530
181490
181293
181246
181162
180917
180854
180740
180622
180602
180487
180471
180321
180320
180295
180184
180142
180112
180103
180084
179946
179813
179672
179662
179601
179449
179375
179333
178902
178814
178761
178697
178688
178604
178519
178514
178466
178423
178399
178397
178374
178373
178346
178341
178195
178109
178088
177846
177750
177667
177600
177364
177218
177046
176781
176762
176581
176502
176500
176468
176283
176152
176150
176148
176060
176023
175980
175730
175684
175616
175556
175439
175256
175171
175153
174716
174501
174406
174141
173964
173922
173903
173848
173740
173730
173694
173613
173567
173504
172959
172937
172846
172658
172587
172254
172208
172126
172119
172096
172068
172009
171888
171842
171763
171759
171641
171626
171562
171451
171237
170856
170607
170468
170432
170396
170292
170195
170041
169859
169683
169616
169453
169427
169387
169360
169312
169238
169134
168766
168716
168703
168671
168612
168612
168323
168119
167997
167823
167796
167757
167621
167583
167579
167495
167414
167077
167063
166901
166768
166735
166702
166648
166468
166312
166083
166078
166055
166052
166027
165891
165502
165401
165393
165264
165187
165166
165120
165039
165019
164994
164982
164915
164890
164754
164717
164535
164472
164272
164264
164011
164008
163954
163872
163739
163713
163658
163618
163618
163363
163289
163269
163203
163134
163082
163026
162891
162804
162644
162339
162271
161981
161920
161703
161632
161625
161514
161507
161428
161333
161329
161220
161157
161081
160997
160899
160856
160823
160711
160676
160656
160643
160623
160561
160523
160472
160394
160376
160190
160150
160070
160044
159960
159935
159861
159826
159731
159611
159569
159561
159549
159526
159394
159353
159330
159242
159133
159122
159109
159039
159031
158963
158952
158797
158792
158773
158707
158690
158534
158530
158528
158499
158466
158377
158293
158262
158198
158057
158042
157907
157902
157817
157749
157745
157735
157561
157524
157494
157405
157366
157313
157260
157242
157212
157111
157031
157022
156974
156926
156703
156692
156477
156415
156263
156171
156017
155508
155462
155279
155249
155141
155016
154981
154891
154881
154874
154789
154726
154653
154649
154600
154484
154480
154431
154344
154254
154046
153908
153876
153862
153823
153794
153342
153336
153197
153150
152995
152971
152853
152805
152698
152681
152674
152487
152442
152090
151924
151859
151766
151732
151722
151711
151685
151463
151305
151283
151267
151230
151022
150901
150849
150676
150641
150535
150500
150390
150235
150034
150005
149993
149905
149871
149814
149799
149785
149594
149542
149525
149243
149074
148988
148920
148521
148411
148262
148232
148149
147948
147874
147754
147582
147278
147233
147201
146975
146874
146750
146705
146646
146639
146615
146323
146308
146192
146160
145947
145809
145742
145114
145110
144939
144800
144773
144647
144631
144613
144589
144534
144458
144437
144431
144212
144000
143997
143991
143814
143749
143717
143624
143564
143479
143315
143174
143119
143020
142984
142978
142970
142908
142880
142843
142758
142749
142576
142450
142425
142405
142301
141945
141908
141734
141537
141521
141449
141359
141333
141211
141105
140955
140914
140770
140702
140674
140658
140449
140344
140195
140147
140036
139948
139787
139768
139731
139707
139705
139589
139374
139068
139025
138978
138958
138933
138911
138904
138889
138790
138685
138628
138557
138352
138332
138224
138148
138095
138026
137936
137864
137699
137565
137540
137511
137307
137179
137171
137111
137088
137064
136922
136878
136839
136572
136291
136261
136053
136018
135957
135916
135907
135745
135676
135668
135638
135619
135571
135481
135440
135348
135238
135199
135092
135004
134861
134786
134753
134673
134588
134481
134321
134238
134161
133939
133934
133721
133522
133429
133323
133251
133180
133162
133006
132894
132893
132786
132735
132706
132705
132593
132547
132401
132398
132179
132144
132020
131999
131958
131833
131754
131629
131255
131253
131044
130928
130916
130894
130818
130798
130622
130574
130560
130511
130299
130190
130162
130123
130046
129963
129847
129808
129805
129796
129736
129728
129647
129367
129310
129210
129132
128999
128973
128895
128770
128685
128315
127934
127927
127916
127709
127656
127653
127596
127521
127413
127366
127175
127144
126974
126734
126711
126396
126272
125858
125836
125778
125580
124959
124788
124774
124764
124503
124413
124309
124132
124128
124122
124083
124011
124004
123766
123526
123481
123403
123400
123366
123333
123303
123296
123238
123211
123165
123089
122925
122887
122828
122751
122738
122621
122391
122261
122244
122220
122037
121983
121797
121732
121312
121162
121036
120947
120901
120900
120832
120709
120584
120583
120366
120345
120339
120314
120275
120103
120093
119896
119866
119820
119799
119790
119737
119683
119516
119494
119425
119400
119392
119316
119188
119148
119086
118907
118842
118818
118726
118652
118584
118575
118561
118506
118458
118357
118302
118278
118032
117939
117922
117916
117843
117822
117594
117397
116935
116862
116807
116606
116574
116484
116469
116409
116324
116313
116173
116088
116041
115907
115825
115762
115679
115566
115558
115556
115449
115374
115312
115175
115095
115083
114996
114868
114823
114793
114523
114383
114340
113935
113629
113563
113551
113541
113486
113485
113481
113427
113161
113057
113023
112991
112716
112689
112570
112287
112235
112217
112075
112039
111907
111784
111449
111419
111264
111232
111079
111044
111015
111000
110871
110582
110490
110455
110371
110144
110135
110087
110011
109984
109899
109877
109786
109750
109738
109606
109330
109200
109082
109024
108831
108595
108474
108270
108265
108248
108018
107926
107909
107755
107594
107571
107491
107435
107322
107157
107150
107026
106780
106626
106581
106545
106534
106520
106385
106364
106340
106336
105935
105880
105701
105603
105442
105426
105345
105001
104888
104808
104587
104583
104423
104070
103984
103896
103742
103700
103607
103495
103495
103273
103126
103056
102810
102709
102689
102610
102561
102556
102065
102033
101841
101710
101648
101521
101236
101228
101164
101138
101096
101087
101059
101025
100889
100527
100117
100097
100004
99961
99916
99902
99770
99731
99605
99593
99584
99375
99268
99264
99063
98997
98856
98798
98791
98555
98375
98350
98257
98251
98195
98138
97996
97947
97913
97630
97601
97496
97445
97436
97296
97100
97066
96936
96913
96858
96839
96831
96792
96715
96518
96471
96345
96322
96308
96063
96018
96010
95865
95818
95802
95681
95674
95585
95510
95311
95268
95218
95044
94799
94788
94563
94541
94475
94379
94322
94304
94302
94290
94196
93989
93947
93870
93670
93667
93235
93153
93030
92880
92798
92678
92638
92387
92318
92250
92237
92215
92171
92128
92006
91968
91810
91454
91330
91166
91161
90928
90910
90801
90719
90670
90332
90280
90257
90144
90053
90035
89935
89829
89577
89566
89534
89441
89274
89217
89206
89097
89004
88904
88831
88745
88693
88642
88615
88586
88497
88276
88231
88193
88176
88164
88129
87874
87852
87838
87833
87831
87745
87722
87620
87406
87171
87153
87152
87012
86970
86782
86753
86722
86722
86707
86674
86195
86133
85708
85687
85628
85557
85197
85182
85065
85020
85008
84768
84422
84422
84418
84314
84166
84142
84069
83873
83824
83793
83701
83588
83476
83394
83270
83218
83177
83156
82984
82846
82825
82787
82770
82728
82630
82613
82489
82070
81837
81754
81564
81491
81406
81372
81372
81084
81065
81058
80808
80749
80572
80518
80195
80041
79949
79940
79925
79918
79886
79790
79724
79625
79615
79571
79542
79398
79238
78934
78762
78652
78524
78523
78390
78320
78213
78135
78024
78012
77742
77522
77471
77316
76909
76829
76469
76458
76385
76277
76214
76142
76134
76126
76026
75899
75836
75829
75528
75522
75415
75376
74887
74867
74852
74679
74431
74343
74313
74302
74278
74005
73967
73906
73896
73825
73663
73413
73343
73324
73305
73267
73207
73144
73118
72977
72968
72771
72609
72510
72476
72383
72382
72345
72298
72180
72013
71874
71731
71546
71516
71501
71497
71436
71237
71219
71137
71136
71124
70897
70282
70281
70028
69972
69906
69695
69646
69636
69376
69359
69092
68826
68585
68550
68502
68423
68232
68215
67930
67452
67421
67392
67350
67270
67244
67174
67012
66703
66668
66667
66640
66245
66136
66106
66089
65713
65699
65595
65194
65132
65004
64932
64876
64861
64807
64652
64623
64550
64546
64524
64521
64438
64345
64269
64251
64211
64200
64025
63863
63808
63745
63735
63557
63495
63356
63354
63327
63297
63234
63234
63033
62874
62786
62764
62655
62549
62327
62107
61942
61879
61792
61650
60821
60506
60328
60239
60189
60081
60030
60014
59964
59773
59723
59522
59397
59235
59120
59118
58973
58935
58811
58772
58733
58726
58683
58669
58641
58554
58404
58388
58342
58338
58155
58118
58067
57997
57960
57831
57774
57702
57547
57511
57447
57342
57293
57194
57107
56745
56592
56335
56199
56174
56148
56142
55904
55885
55714
55662
55645
55328
55311
55286
55275
54960
54862
54774
54757
54725
54638
54584
54548
54367
54345
54219
54214
54156
53920
53686
53649
53627
53589
53567
53556
53545
53494
53410
53406
53363
53338
53215
53177
53122
53068
53046
52781
52729
52607
52430
52378
52289
52283
52235
52204
52164
52156
52093
51915
51751
51742
51738
51560
51448
51409
51296
51226
51219
51073
51034
51001
50891
50824
50762
50749
50714
50712
50623
50587
50142
49885
49882
49823
49676
49538
49487
49294
49269
49225
48842
48770
48647
48647
48537
48498
48226
48138
48131
48027
48013
48009
47819
47624
47551
47466
47431
47329
47282
47280
47195
47067
46969
46883
46804
46563
46545
46495
46307
46285
46261
46073
46067
45910
45779
45772
45705
45618
45472
45290
44919
44793
44747
44668
44606
44492
44268
43972
43704
43698
43688
43360
43252
43146
42968
42951
42727
42605
42513
42488
42463
42317
42312
42208
42197
42025
41875
41559
41540
41504
41431
41251
41240
41190
41162
41090
41011
40825
40820
40815
40807
40576
40552
40383
40191
40180
39963
39923
39836
39716
39594
39560
39455
39431
39259
39202
39166
39051
38968
38752
38657
38617
38191
38123
38100
38078
38058
38049
37939
37692
37341
37289
36927
36873
36824
36771
36562
36555
36554
36510
36398
36196
35998
35874
35750
35313
35311
35260
35044
34999
34977
34947
34911
34892
34749
34727
34643
34585
34529
34280
33984
33972
33874
33792
33502
33136
33086
32996
32930
32765
32529
32515
32493
32493
32470
32350
32332
32223
32057
31879
31782
31617
31269
31175
31129
31027
31003
30899
30785
30649
30646
30592
30095
29796
29697
29526
29336
29172
29127
29107
28997
28962
28857
28687
28558
28519
28450
28304
28207
28201
28114
28104
28080
28038
27982
27830
27743
27579
27475
27397
27388
27285
27241
27228
27150
26973
26964
26956
26898
26896
26890
26795
26721
26716
26626
26456
26324
26317
26269
26123
25909
25814
25804
25797
25764
25660
25633
25574
25372
25360
25345
25314
25301
25219
25145
25081
25008
24762
24679
24630
24550
24406
24187
23704
23428
23272
23261
23154
23135
22994
22615
22445
22414
22406
22182
22147
21839
21595
21587
21546
21453
21413
21155
21129
21052
20984
20724
20705
20672
20594
20474
20337
20242
19946
19902
19763
19599
19560
19498
19447
19439
19431
19425
19126
18726
18710
18675
18560
18428
18304
18114
18090
18038
18010
17788
17612
17505
17190
17108
17067
16888
16827
16598
16544
16408
16398
16247
16138
15977
15973
15718
15563
15489
15348
15329
15208
15192
15142
15115
15008
14938
14868
14768
14761
14732
14616
14447
14431
14423
14297
14291
14260
14152
14143
14125
13887
13844
13679
13551
13359
13288
13237
13236
13211
13178
13138
13031
12954
12915
12884
12726
12684
12664
12558
12555
12502
12402
12151
12146
11981
11717
11599
11596
11470
11464
11433
11318
11225
11175
10937
10879
10867
10741
10719
10433
10407
10000
9987
9934
9838
9780
9722
9665
9625
9549
9371
9358
9331
9305
9290
9262
9256
9231
9059
9040
8991
8839
8751
8640
8589
8546
8536
8496
8485
8416
8363
8274
8262
8130
8099
8080
7967
7843
7757
7695
7654
7642
7633
7633
7417
7106
7067
6902
6679
6663
6610
6557
6440
6257
6168
5982
5882
5844
5778
5155
4791
4782
4657
4474
4427
4359
4200
4144
4106
4080
4051
3692
3689
3676
3656
3567
3391
3379
3346
3086
3046
2628
2589
2516
2483
2478
2352
2050
2036
1944
1898
1849
1834
1776
1718
1708
1456
1341
895
793
705
656
226
140
0
