643560
596148
462927
243542
3678
284128
524952
705547
92308
809926
452321
383762
594593
568080
991292
566071
704644
140763
398404
460943
402394
66940
684780
194527
163308
138676
715591
811056
464357
775773
53984
295011
290533
816044
482751
747767
343214
750924
337181
371964
805034
34734
138990
843562
325463
600820
533939
984601
357142
128892
204655
388909
95076
925312
255417
798507
49102
501659
547065
580249
714647
66844
597919
610205
897571
184115
960522
237580
996000
786739
434233
770459
945347
594723
80115
102426
592298
729869
767293
682109
979364
987550
898865
16977
393673
791003
40682
298201
61974
327558
407724
535166
58428
746103
550518
796215
332558
581230
127979
766480
761811
761862
353250
854148
786493
660833
555573
503274
494430
646748
313896
204260
988504
510577
786893
932380
492304
956858
189252
390235
927434
72968
845536
481779
630610
319840
890612
903568
469471
123627
479606
603138
863141
590179
320512
124934
116844
212866
449052
540961
39506
699126
428055
746335
29040
202284
572599
389178
682119
312543
377323
599805
513562
134691
53784
985907
554985
659963
973422
68443
443262
425611
855639
447210
106333
148121
740691
505575
307280
614671
143555
390599
117121
622262
297598
337804
852617
165144
65850
149082
137440
388488
922860
777750
523383
49928
391570
526534
542857
360446
457322
322241
154739
112246
775076
895164
292716
943606
936113
461757
628571
439348
666913
685874
722446
520454
595631
276892
447930
237488
140524
572269
951886
649837
149862
847620
437259
946474
154328
899129
741675
343771
480591
651153
25452
582057
18683
156095
879735
34988
136013
374163
818763
544439
87286
547370
429867
98485
282298
815150
420604
381203
942527
958207
424509
40388
2616
802747
705265
242918
594326
868971
833669
717380
88176
305735
2575
19716
462001
17547
892083
199997
715794
160542
900557
397124
158678
860887
116614
143063
656538
92028
623081
319425
347789
136472
595927
776543
909956
953318
189572
598830
191177
74462
384477
880112
908446
360474
813786
658745
158356
61333
82837
354693
686285
147782
248692
649417
216440
805764
936395
254270
657841
319444
34498
424235
670282
307571
34458
391252
899518
423439
856835
114965
172347
180456
441784
878654
79954
523360
472152
294208
671866
129358
344586
222401
432997
193980
907332
963361
322779
633196
543027
827009
418008
216354
890573
854354
620021
133761
872249
27955
962005
898212
720572
783453
283661
281570
383951
13984
428189
195457
31015
45407
660447
39437
370570
252664
705384
60510
157443
86222
662267
694554
564074
282446
62909
693321
63489
942838
511078
79867
91412
984533
665435
620803
33545
187996
809815
555511
18648
697817
892340
780472
588869
368578
708824
551112
565807
790185
856098
34094
334182
175687
187346
719711
324472
549455
764239
787090
691774
834774
719582
4107
60158
507248
19408
639508
730147
454064
844877
166395
931490
559051
202048
244326
544244
319582
411537
581481
208231
493774
330247
798874
894275
375056
513839
345356
820170
796068
41277
845151
60183
374976
391735
998911
318924
834692
589358
304832
118784
449087
812800
418065
84666
800209
804169
924725
100593
66607
705949
671009
859819
5290
404656
558481
733399
638441
66458
893317
941756
410914
312644
960316
729585
245678
401813
481737
616513
491730
860811
16550
824254
232656
237929
157415
665572
803889
39529
590729
21172
652860
455252
699354
27730
868592
177120
408106
753572
805957
474306
398881
948095
234669
698060
655285
916843
354232
560179
535896
196221
833449
853648
220786
980135
756712
765507
427704
185447
989207
569680
752321
633920
9260
281481
851186
75433
698477
805666
956570
680528
928923
216394
889114
189956
41500
70103
817221
124696
470801
71286
501373
331973
839095
986356
657076
671165
815746
432186
371886
828003
918241
53665
219983
86348
217139
648512
832007
383842
599633
997808
198393
131102
845050
517141
911182
83653
270509
355963
882314
21643
116056
241690
815642
114456
156031
190290
855442
625624
246994
186531
385920
48060
652480
74765
914259
850416
20932
195079
333971
762448
835577
749806
635867
930617
3645
491885
310672
334669
7181
89207
270356
571829
698871
438054
104491
487250
393669
273930
883462
157720
380627
659529
522098
420176
359265
317268
925330
477419
590873
317778
751704
110454
747607
335925
651125
680260
540798
542392
259910
411295
214825
211531
69310
414920
904017
295156
522842
532961
667424
537139
343341
359967
739955
185101
142362
737282
168236
993218
822583
602869
535694
4072
148127
327903
923742
547689
128209
574470
604582
2360
536282
268261
216026
124518
969879
495993
329859
173900
345567
9355
392659
635419
618979
545574
991614
70602
821624
359315
277780
519179
214183
201379
165319
915306
470273
476817
617671
183143
325144
468320
930247
32930
50557
320368
424082
991399
450081
945418
376050
869321
808315
135490
328624
694171
373043
940823
145767
117335
501086
811847
311473
442987
556639
91543
3553
719706
15108
192324
417695
786110
996007
194896
665417
768196
625202
666120
324456
288808
209811
208735
381228
568591
198326
627851
872408
672953
294036
627452
6296
391059
891564
634724
924524
620513
214378
690821
550789
675395
145353
343797
165676
635446
762998
132686
445283
710705
22710
561361
706219
608543
855420
426544
10709
59033
195256
986478
602882
979736
93370
735042
870999
242490
126804
480694
660226
642420
769316
20423
296693
463396
255303
945978
125980
984301
738506
22958
717798
376972
223912
142903
143495
709319
834280
64385
894184
186122
461995
31103
74642
335162
752434
883394
481786
577817
666805
464042
56397
510917
580424
960187
982903
270639
986647
320122
404422
549375
397186
37143
318876
192986
956302
402162
726906
818530
619355
792617
513414
561497
485486
687283
861959
886804
19664
874916
224871
379206
451136
759223
1824
566522
593303
753468
115727
122974
694290
505119
617212
250176
698026
94221
297582
639717
472357
408787
45019
184005
143775
616308
339926
520969
667550
22528
852720
573420
157615
637006
580972
475307
302262
449492
342713
664814
399751
762016
728834
468174
162171
918635
809901
198279
456414
428102
991333
648623
577858
784300
415788
875766
485400
255113
222705
332525
665701
532440
792375
739215
940031
414431
825501
561764
578858
625540
739131
603197
547335
470861
395951
8943
569086
268241
626325
936584
966216
405007
351089
247158
910206
425720
368004
837786
801395
773157
25895
654341
983969
676842
77883
998097
898913
211713
978764
471720
79133
734126
771452
797654
98961
743195
493560
785928
704506
712544
727553
928569
871839
590856
516549
454285
466748
479201
372736
189748
512801
458921
516488
242785
813721
665911
801657
347934
821593
485511
6155
696329
194152
176708
296803
209505
442445
325257
713590
510723
434396
272325
460827
297556
290305
68643
641348
425974
383094
563667
824780
778800
739100
955120
502025
910427
124480
496314
45508
534813
497802
87005
268348
155260
311150
158080
55508
522167
350081
601210
826115
148876
417042
491668
778513
815963
183321
5826
968253
850718
961437
244437
274100
981314
982791
638590
218287
734048
4745
237334
424592
667296
716741
454276
221499
217207
466858
785000
527535
567907
288214
598033
692048
752902
68862
349093
407044
144561
979350
471707
154353
595040
948876
756866
907279
754645
63957
250169
966993
512646
252811
567013
881353
80680
514149
54690
367433
970394
250822
414824
38940
4608
976808
240395
525838
545284
780234
418691
265863
321738
445677
504815
846261
598995
65733
979973
278957
938890
304837
774580
3494
475444
217593
558273
729473
451256
669377
77284
453848
743087
958722
254142
118312
242517
199019
855542
408162
251487
381313
281254
136373
502749
810486
430286
505306
21684
783877
660075
293284
808640
964396
570314
674468
239899
889442
715060
947811
160561
452458
375143
924502
874099
995694
207408
103221
621012
860762
928181
48623
682962
857851
185411
580880
948981
134925
427251
482728
636760
355040
884421
435359
874745
922892
749512
805618
19708
240965
258468
724352
909643
621175
657789
619415
733299
529648
975573
996659
835352
300285
105359
798446
570154
317019
958758
111535
267205
935177
346217
344873
477933
89141
804821
252681
936066
616454
807849
339362
82818
817850
662878
250155
583313
668130
933556
725061
992117
394590
404717
573489
613441
847736
451349
913170
645513
203224
168990
609285
898838
54536
776446
448391
734483
882604
611285
86588
381237
221643
504416
222536
459431
579683
442086
763292
364406
317819
201983
974564
144057
243944
84685
736888
642582
634735
952531
65346
976497
763934
535040
992817
859198
785467
363343
765430
896763
996680
755650
53707
740420
90030
991604
544081
900015
990767
185440
842796
98039
273701
396187
97892
275201
953868
197716
124796
746236
653944
272276
107232
548585
765496
588204
137499
726764
241686
375838
958828
151710
85766
425217
277400
487065
432761
194985
922744
83310
360946
843970
952610
905867
215265
575252
522055
84715
276578
617079
966354
310780
68637
755828
83488
98279
458955
583278
44331
882431
980226
523764
707314
28350
475727
266381
369204
89665
255132
443195
144771
74334
436422
266521
235525
50341
45103
366611
321298
155364
743666
255704
188358
962264
772273
685189
493870
196117
795876
659691
258885
998772
873506
25246
280700
293310
692213
358263
160280
313517
541154
347820
51603
32397
240578
985889
557133
48968
385981
658425
417299
474013
819422
664815
771699
493171
198060
783996
805928
579680
894163
252635
540256
779292
231404
924080
365075
96320
238983
436349
682861
772478
688128
933274
677572
169100
164797
254948
799768
38566
327907
541970
29359
202136
304154
882563
357808
39171
378532
972412
217698
736595
753881
754204
780003
947686
173327
657117
138006
365727
626224
366114
401690
730722
191212
16686
637594
956352
309280
332788
406449
389523
425202
504019
374605
696326
987507
532659
105105
505883
255117
372001
670402
737549
223077
424517
171096
487101
250281
871648
593724
453999
648869
866663
695473
154502
577995
837778
764868
584368
73872
20846
174832
570057
943574
869224
618178
778804
551785
173006
795441
245630
237705
560618
111137
319294
213597
552860
626860
129388
316938
492780
118330
33232
914923
484356
588319
13901
593063
938754
998566
669688
998876
449039
301150
260470
357181
492498
73432
257921
725269
894334
190545
984198
14221
77284
5576
217654
166908
868814
449922
94364
653712
40829
314982
240661
623775
816449
731187
834597
632572
294179
521533
213175
855879
111895
674160
717406
95708
701399
652130
698671
685541
168830
638468
997593
610195
177077
100661
750536
769918
203389
251157
79069
338826
198692
79095
74167
594528
984720
633332
499614
428818
690861
147982
808028
988568
154690
419089
388114
541435
488513
564636
443198
712802
948772
930030
538800
698330
836009
437297
650933
920799
400158
118629
497021
870384
629238
923534
37782
544310
359106
143749
301085
984807
357736
961186
97788
903551
909575
691578
774699
276305
953837
270116
881302
93190
15163
405264
514540
158078
5909
613050
149935
944804
476386
36541
967479
38438
42687
553809
37200
616602
531332
182621
242009
758824
845750
201177
484347
111181
681715
721627
548386
578997
997161
676725
970946
272105
576362
309861
412026
885202
119311
294842
309738
60087
34168
554179
54695
47061
513995
693273
525285
159553
538550
722761
588006
99006
157742
402438
85955
216371
785417
107543
913771
171998
260449
591810
8770
257527
116717
401617
475726
851353
844331
981642
606649
93526
921559
704857
257178
886419
50233
158315
897576
754302
336963
21057
669078
927910
128327
781601
945229
259417
830265
359882
223085
218668
320227
422102
650592
273336
495200
806878
134115
413639
89552
17167
764095
446542
143705
174859
246944
954837
407974
183557
137796
493300
525468
99923
931365
677086
53778
875142
487156
306821
257253
695397
840450
570316
129961
123911
181916
662632
294036
126983
676437
874193
258907
852575
835629
310919
23979
722392
358783
930872
160674
997045
713362
508628
319279
478737
238903
471644
571910
427074
227111
292104
124917
80981
256135
263264
712441
403322
38447
41058
417340
794713
179460
289744
756563
559159
537943
134626
615114
846524
329509
895383
16054
645452
720889
750319
773568
155291
425381
564826
791959
526644
728852
106635
145467
527615
450814
265925
102166
166391
576590
700116
939746
680731
684236
531190
741801
591046
833869
337632
360333
706133
287223
703601
383484
69266
281701
14676
257092
837234
95903
22576
674473
996030
812538
940444
970923
634311
509828
475867
537724
219338
93963
260492
205043
950033
622857
593165
133901
797886
765393
277735
4483
288851
990567
607199
191366
427989
187337
222596
175828
423520
678740
658111
661186
28033
12732
873048
729244
382057
487437
966885
904176
218746
99904
575371
174806
168392
495213
153610
867024
687556
536658
466375
755168
830009
317984
126363
954517
675332
795060
947886
946606
735849
727091
216492
554906
73775
286411
714266
810463
177764
521081
486075
425439
871752
835978
883764
27029
658800
795753
383347
395096
938846
846975
34458
693885
481586
6977
171863
91550
384408
173363
195586
220744
500118
470841
809190
649395
980391
970971
95044
902820
148213
195638
200897
606668
386245
46483
213822
4758
107916
190237
5643
446687
164161
473828
448173
437150
231148
643362
417122
492257
822931
497480
430290
357674
577861
618318
598662
109256
378729
992236
808273
278893
683994
157680
696252
426640
171063
998965
36159
514724
422512
942499
605784
29899
922215
105884
474816
47635
70799
900533
920285
334995
278410
694891
854464
148584
447696
408051
732917
599809
321041
322470
399609
331733
233458
979734
221550
780135
786184
754715
167173
475975
835915
591203
190648
687246
980723
426002
398611
195303
416122
28712
996292
154065
633342
340830
936768
790042
936774
910527
530091
166982
168682
688376
8294
360994
346659
274534
187779
170323
142923
689287
922367
918511
264456
876600
998268
536
829101
444237
486524
568536
775128
594213
338948
157098
190410
803794
190374
107636
202217
579950
913012
367186
729801
529114
457977
609071
969301
59287
914578
651140
954129
262999
519664
831915
913914
917286
557409
345757
441158
80850
704090
535269
667199
468696
392993
792435
747677
641050
201291
29601
962570
56000
93771
647203
647041
204300
597534
547225
986679
369924
627303
19677
434379
41443
732735
263983
135961
636962
997135
897957
287792
999316
681230
54128
792034
68429
976169
566510
923782
244144
906679
310456
979244
215586
508298
974068
35230
452018
891886
411724
17633
125359
704103
258560
250173
965995
794313
669365
534607
441188
606381
886126
599687
689333
928073
835553
448593
843539
151297
111237
733135
734406
123175
504636
787959
474610
926
714950
369080
96830
262823
989970
458482
241750
172986
228332
720130
874320
549518
508188
322645
144144
643522
98082
880007
799826
300773
752941
204046
17278
348341
501386
411113
108463
325211
190123
680194
339720
258964
767036
620880
7778
179822
656634
776979
996754
458891
609840
265182
270879
859172
94698
928098
145388
395943
635352
667089
721957
717335
503772
812714
575273
736481
821972
489253
633740
673332
442080
934627
210071
497266
937414
648192
306398
867
659789
56251
643787
380757
96611
108771
347441
253126
695883
850664
856610
489611
918057
547143
422136
123429
520745
385016
504789
846185
985634
120450
493974
292521
556484
298585
429079
392805
572955
831546
824722
563272
657043
788747
276277
398596
837242
227044
253586
833574
880117
768159
378393
448644
939788
416944
525021
708215
132909
806417
283987
441275
800020
654151
684717
800516
23758
719487
586185
269237
440195
962137
813290
24498
501670
920182
941928
110561
127777
549048
617217
428377
115782
892965
426973
504882
772499
996529
646535
370162
976797
406367
621178
641001
285168
461552
158847
86131
752406
326288
68606
531477
855223
379516
899156
952974
278744
143480
6975
17
354095
406924
315064
994382
619909
578474
510990
657457
321382
591891
976867
432866
657559
877253
444083
292112
240891
10790
222077
337577
542642
660929
863097
350267
63557
359292
293898
668920
591275
442725
770441
432610
184287
236105
493195
270745
456806
175534
358253
982363
329751
107674
113482
610874
660093
443341
139093
590920
64157
192140
178456
320780
810026
159776
607708
596746
870029
750820
251621
835165
96334
887101
328396
903340
11044
525508
837523
682245
886694
138894
592492
192027
633930
309871
144130
225502
510181
279721
40520
955379
816473
893213
225884
907707
559098
885071
893541
27022
518671
864902
776970
297968
291195
674840
688214
533629
644038
17735
94312
492611
964335
383647
660120
444879
668127
338517
979853
670656
185619
181252
169865
147149
541272
824147
601619
854678
607004
506373
816509
716739
822593
611480
583135
177835
549459
427168
132832
818394
252303
159260
840687
207839
387672
891682
6988
404922
219326
470383
937990
128651
777349
481512
225066
643668
831286
592803
977780
830694
57137
532006
779092
745651
543871
887331
299860
210347
407194
732247
835007
623113
556620
800631
505140
229512
596455
568119
505147
551302
432164
131676
575192
536034
400597
221736
819762
260224
645940
29964
106859
695753
22765
790505
542097
132190
23423
213763
931450
336973
99065
939124
721572
430900
271900
146663
638040
758124
120878
347766
129599
737880
63814
160729
770420
799403
356000
569766
972549
22023
378727
764527
717228
29171
600665
162058
526414
18037
60900
624310
564779
545893
344466
201673
587700
839571
799564
956633
432138
946394
180210
551555
885062
2801
988872
320700
57962
261226
540742
488996
846235
286261
174593
48698
658646
907903
94757
559953
364775
102695
44562
802427
327298
962818
383653
772542
461152
308719
169931
994477
493078
302593
531429
492992
982721
628064
954235
62266
210435
415663
109685
657317
737104
114192
497322
833190
297768
934863
489735
162023
703512
328052
331165
469186
595043
191812
263878
547101
216546
156779
234595
728983
859903
343858
567853
334599
266993
449094
583987
536319
71795
874385
386504
636060
314168
893202
946916
92415
163650
517245
174699
892095
254314
812959
875839
20972
450641
906110
375522
857382
439605
808103
108811
283986
275562
499518
667774
194365
892279
414309
634278
856659
640345
582396
24818
288945
108428
208876
326979
399682
843262
394841
916791
151428
95983
37798
111979
417176
391322
688939
238225
516026
541420
290027
863878
638567
707419
264411
793091
502185
249723
394695
498214
612693
401742
283853
419323
451025
252130
967070
962099
752392
126991
418364
84827
800166
226196
279048
81118
317892
286923
124339
537023
110233
122708
979945
469519
77246
117762
602205
337944
606309
143974
243371
960731
632126
912004
237884
366927
847628
468025
765981
265233
647231
404151
577769
122927
388776
363261
293864
812819
471612
587896
137984
408477
545699
588068
602375
986269
890175
484308
598718
227342
629787
219937
105165
203484
993660
630520
184410
977879
263308
308624
518216
555087
405369
308489
280568
274150
639499
997873
254638
954549
352923
783319
587998
976809
840570
10239
476031
7853
323339
70712
365240
265803
576911
639537
976180
59728
289689
3057
559968
836905
960786
645459
322865
123500
747651
613696
880156
554127
177795
694874
933574
651571
50198
108899
105781
140032
169381
244358
10895
353569
778744
947077
191851
735980
689666
8473
513364
519200
138992
794767
963525
414339
349897
408337
587569
552828
619795
378912
454129
974694
513783
645009
137261
676818
403295
504984
186827
606085
157003
292218
455285
10675
264619
760458
950742
247299
54172
552976
94086
483003
949428
673195
872304
727257
906537
574603
400592
283324
267590
344236
832605
17524
273692
466687
391238
810783
391251
824569
531542
178964
422589
916527
892927
326768
95608
755373
749537
834587
457127
546570
125699
768489
930637
41287
607603
250610
341604
408391
152888
430525
562084
576231
876542
357759
681305
257735
874565
471396
769979
291305
636068
294855
373521
505165
490025
452168
842965
44308
834612
306710
492258
986827
605114
364139
356727
120400
550612
78354
19945
949888
410176
852630
574786
363433
6063
837644
289402
897158
604398
593912
959959
207503
633102
808271
249350
185439
992329
32300
534753
128229
744412
845202
916761
522124
928372
934450
78976
283305
608238
334586
629306
754590
35008
467887
402858
361863
978771
690160
961208
596897
870553
760790
183939
912149
382714
28177
415749
188345
472208
150078
106031
667083
712780
852899
257749
628403
950210
574815
288525
637200
928922
834678
99270
882556
558839
821971
244312
990526
918073
12658
101835
703584
920082
581577
854626
988903
813173
4130
908450
462824
325721
518288
99061
500314
322268
52571
668699
35930
293635
816406
529070
856714
868462
996403
770207
137673
804096
905374
723203
76927
591497
490487
139733
750305
891840
322792
212382
724115
511759
62407
227195
540019
519683
921971
613493
917364
407462
835559
35892
406047
909492
881058
959565
266916
205830
1076
812217
556907
756253
220780
464827
752575
939019
370632
258129
758352
1055
787807
212923
814827
565591
592142
379680
647536
88742
910801
506567
178185
208302
860400
334863
257937
886036
186153
866909
176323
608995
204682
894077
149564
685895
100453
920914
598492
851373
685346
376477
788986
973900
446731
665008
326783
652444
81455
175500
73697
882441
741477
843302
283746
773402
901467
236845
145377
508502
99496
428647
459910
350742
799011
102186
886550
520795
273619
444826
40718
198382
725779
381899
745190
732063
816292
618141
902437
381570
403587
770093
781801
562297
570097
596700
996539
613370
947600
965214
83497
568672
944209
725664
392112
274495
722786
109509
939621
467978
683846
616749
995825
107269
765616
610635
423431
327317
89721
260
218962
884515
353031
458688
274383
848863
894546
597932
111087
604128
550734
401933
225540
924452
253603
4877
729840
10131
822805
594524
170652
885796
556430
818892
766417
490985
34705
579487
815416
126091
16633
505437
696254
655946
431669
720249
707467
18806
246876
736541
974455
140234
424539
444001
789616
309436
276068
191935
45480
439807
265065
910167
870885
405996
715776
60678
186643
826525
942694
967259
659849
244037
32911
731571
454945
644466
884898
511418
254828
651971
135692
410632
256755
538199
293049
609895
235462
392479
729951
653913
309907
413779
195898
2774
750192
305790
152783
53943
17706
183248
552661
846211
244190
230605
640589
568086
524404
593435
987769
810465
722251
628455
238531
227070
971653
689812
989296
896016
691200
87268
808443
212004
725491
716217
653107
581034
176332
129928
842225
538131
593365
501201
304748
163498
456411
3612
37736
833621
300753
631792
581116
411230
411782
375678
844247
951675
746881
965455
803939
883134
630095
111890
434460
404220
809104
281033
727093
534925
664206
562765
810131
855485
715448
119434
989794
472618
86759
33809
998334
163731
254867
114874
857694
967068
235993
365448
545396
709415
344740
367429
83904
92836
797311
798406
765525
998082
725130
657695
971991
604666
615120
550333
451174
776250
799357
554325
972966
914857
379506
779457
2167
148579
890389
715238
398302
284798
82238
861039
180612
434606
432610
933270
81009
593968
386670
152417
948650
753319
868470
727052
66804
299660
306039
672412
96051
573859
269578
527898
667395
450732
834713
370891
614699
720632
951732
763478
457927
868643
426907
914254
26997
571103
603458
389069
50605
859081
467411
162636
125224
434560
697552
667152
726533
67439
128845
764598
828864
350138
205186
246145
257806
341440
259985
545095
116960
792358
882089
839050
501870
714180
199689
612500
242501
22496
646346
52796
600200
870879
660946
360460
685888
74034
817336
169060
863312
712610
79596
790375
554504
610493
235355
927343
674151
880301
72231
830271
385427
143918
531442
611087
991880
352283
897825
575857
558303
352309
66937
987619
288099
478660
67618
629540
775424
484260
312326
902685
997539
65799
497784
963188
316036
89110
684868
580378
815245
374205
849418
980410
21908
560864
114567
929224
422287
143067
950371
704147
221198
234190
858007
405221
472032
4765
443459
265347
47637
20747
329575
232592
919011
902600
55591
118505
862078
824150
969616
33063
22394
375054
132334
659859
733423
221834
419046
164417
606136
819838
332452
174008
185974
152109
519947
319125
407792
101020
626949
284748
670235
594685
911694
183830
598053
112514
997148
335897
464188
482943
242119
210460
803032
161212
476339
377895
962089
336246
263269
799759
211320
283034
429520
685959
557802
350555
331275
448011
597861
855186
215772
985574
579713
935643
79857
657746
346657
117901
627795
811103
984242
937182
287020
663199
804350
468945
753131
673296
765000
31994
204449
271307
546710
644170
151614
961475
284612
34727
869141
369039
390050
147399
493576
756188
986237
104264
166813
897811
229608
542922
53334
978100
191821
88124
666605
345797
36934
473871
702496
548905
944115
493144
496623
58900
598290
519787
297617
490054
99480
820734
779840
921167
826124
256620
606729
135061
128525
254962
399891
205435
725622
132482
169292
881175
331592
941776
116301
644984
348391
22404
734073
156208
426134
347629
298664
26976
315290
575394
169510
526291
713010
435786
799312
858471
740443
717075
991076
120335
278733
648612
734010
905790
638476
921182
900173
796995
940691
934102
190191
658014
146989
113198
979105
729901
892385
304942
132286
15396
146316
319417
436638
336943
255716
668392
23658
753469
108589
424706
48698
729400
997334
915251
934684
563632
258141
652256
688721
106679
916105
506206
156519
720996
375284
628591
592201
772458
658709
43837
590057
680264
825489
147139
249960
698005
970405
568556
429640
150436
646002
993614
74674
808460
638003
566770
911031
449117
771916
446523
235177
417865
832058
929537
143194
187205
733755
316056
303094
488707
805335
350017
293398
584745
408571
634649
606310
641776
154560
897970
645195
968730
656609
362501
433828
92106
102497
759610
298783
253626
925562
721330
486533
936781
507389
381081
533306
455408
154439
19641
218396
470393
556772
503836
100601
539889
559101
82787
962655
453933
352723
830210
969940
156107
131463
651121
987501
512884
845545
307460
293290
55580
934429
359497
875795
90317
822938
268553
610627
248183
524560
161415
873358
630756
911685
917988
564829
195447
84527
311089
100352
920597
798879
900932
645680
592045
97369
266723
770295
760866
129720
943947
732531
536266
644598
128261
811237
398095
788928
805598
455123
140237
660165
472915
533629
389095
522781
25208
642126
880694
722341
701732
239407
825407
108835
208066
376916
241063
215521
260494
916840
93223
530333
835336
430119
445653
944003
348225
415661
594539
862348
836981
88456
336730
529753
976593
747009
105341
826691
415966
649428
695249
176208
493480
402731
696588
222608
862014
101354
556040
630135
934007
838550
393789
690307
343222
758312
318216
423574
812299
515651
943
514337
913789
869501
701593
727912
217255
145213
764628
423852
226158
472567
849897
402104
325626
30401
804024
596802
685843
10411
131539
67079
695667
650378
482640
325065
37230
481018
438752
288364
954649
880839
147546
47563
618618
139845
35849
198950
743513
495623
911864
708393
774806
24280
257403
144441
31943
843913
406324
646997
165480
819721
607124
182507
167153
847576
675657
477410
957703
836805
58203
518682
269640
713153
645598
663611
140774
119300
605932
210528
839226
3049
836296
748014
451753
952215
373342
722209
684627
960444
247898
440127
649909
289651
820679
161495
539865
232453
594099
22410
128404
871907
859478
281227
980782
386081
309434
780361
101469
51407
922010
577290
504948
861489
6088
413870
855355
596945
286909
65102
888238
257107
306021
636866
801364
995797
211735
566667
181372
91131
224174
422279
319210
23233
673267
590224
959676
433928
528539
599373
629009
598951
766302
134503
689371
55881
752884
760456
180180
199967
61748
999653
323653
985212
787909
684006
295529
349502
474783
436836
491853
620306
226608
731261
58804
951373
443870
218548
894958
791071
889624
923273
684001
489458
471403
461682
770774
413865
206385
655485
854703
361718
326767
785369
542005
634520
377786
256848
771727
868358
462597
635630
10544
604003
496216
850512
897372
623610
445010
858868
711246
281221
48695
223128
634536
410712
448598
856226
288463
907540
478913
659776
428996
749577
116960
900859
8630
47505
733954
951575
33120
696717
339556
450128
772184
340333
971473
32984
919301
646923
745656
534769
238082
356678
853119
955836
81394
156259
966188
557052
924219
205222
99987
157135
712432
55874
964229
79971
397016
783607
235866
227645
496901
376195
984961
439493
913461
818255
694082
638307
505870
850997
925847
261895
128883
87588
713701
131507
933234
20915
177807
218227
733747
473200
700889
734236
161372
205902
238199
597924
132743
733494
981195
600164
894494
866185
646361
533602
529453
144330
118548
137670
347949
121231
42503
959072
29879
401205
226750
130842
731789
446274
400743
632600
628114
427497
949237
810505
516867
815919
737046
807440
187431
983318
32901
82277
221745
814360
842864
381684
780079
219481
671743
368707
708692
481745
845256
609450
999066
571142
46147
772522
227066
916217
644261
705434
105200
635625
733554
518005
692349
901159
528310
924875
122684
928972
916309
877544
939117
77184
518468
950948
246542
665749
562484
40379
936232
428390
242264
671629
175145
956638
5424
630586
202537
102417
387917
678042
231140
68344
597837
831315
911327
833839
39721
66356
384038
640349
366171
322328
421889
490418
445372
375218
537772
3051
841093
487855
226379
511751
16030
740793
696472
991806
489825
601815
550335
259849
609886
601418
871772
901418
426131
947416
95084
551168
400015
533912
844904
475601
323742
78176
660349
889628
877303
53564
146874
75941
708979
677398
635314
170161
789230
459847
869998
424898
58380
723117
596452
872299
65277
59868
174081
567379
377098
915571
500372
13352
29756
351604
600513
945394
183847
574202
209989
380694
452833
998937
557573
730363
78198
461243
342281
812704
240523
680545
590221
807561
315978
238907
675929
547868
814454
144647
297643
57274
68583
517210
607104
911605
482159
51662
11862
827168
291953
699467
391701
860318
348700
436803
600661
740412
381029
82485
162289
152225
570381
874626
8125
234091
35434
918491
958058
164484
1358
677586
396073
472435
12191
395813
256054
626156
533906
710617
999661
529394
691241
745367
741973
786529
683128
653770
60436
985092
629544
929959
308800
788337
216902
794943
450130
330697
529558
623448
521571
265405
881828
684731
848469
826227
297854
436790
36551
434254
525967
235431
588276
705830
119671
598012
713084
199193
169148
96228
531155
875072
725178
543123
406431
40429
821635
386602
587035
494755
273230
125015
679842
704732
101918
119973
740856
95812
528400
397368
924170
968181
954423
899632
699674
119784
257057
180610
623296
990522
17918
718976
523474
29443
18295
866941
753644
30676
445398
948088
852962
384066
775467
171467
556073
542914
226218
838679
597633
523902
4125
786470
168436
923254
311284
129447
197371
758366
222136
145851
857056
425579
92044
583859
820896
202481
117765
756767
835444
17041
34098
542401
114307
656114
701493
805502
908501
192257
516179
821328
363018
170522
157364
994599
430509
15838
175311
539935
180375
196748
319639
818285
315185
912788
308898
708398
86217
460398
950531
733224
86075
976291
134553
658192
588677
957326
244811
931623
205582
812427
958428
647141
632494
714764
237060
673722
170888
191349
552835
221118
527132
212425
37359
386712
115075
24439
293942
164423
717967
608104
71179
987094
901714
436996
860313
120888
13841
162325
749273
133520
951194
955968
543088
217718
134252
506546
243335
367153
287101
82267
468577
274115
689471
649466
293224
346561
540889
767200
284043
426709
956861
865965
221509
634192
903164
562545
107475
253834
66677
863194
581150
741455
259831
463799
792103
730666
460640
868369
112060
389433
1403
716140
806468
597275
736551
532780
932364
192270
243748
102623
280801
971605
242238
796558
140105
220256
448554
484148
20511
289416
32110
108729
251201
149641
681793
610728
537556
903233
49603
647076
149425
956215
998470
473592
400473
922311
648803
432365
474187
359675
691934
717648
453861
125668
818513
481433
621906
475826
396032
883845
708083
30204
722063
393698
786748
383630
278389
500958
949988
445944
416135
15612
716510
564146
813095
296333
375408
100429
861879
77574
109443
418387
871081
45118
794238
164297
591618
947864
827776
321128
116460
827518
208864
760077
644403
898101
353738
917691
947128
713597
816717
786230
633717
524774
163854
620753
467883
145166
737758
638464
60594
221367
947298
514181
234370
534281
17639
660364
235447
845615
844073
120956
756110
847892
707359
405359
421882
976425
128822
742196
996914
198161
70166
42063
65769
404979
16029
324319
360946
707992
216503
485013
222874
754572
512402
61371
902727
171300
717778
82848
548306
373693
492221
189556
749358
277548
999727
945952
461085
896902
421420
681001
973244
420086
566173
245588
347092
118014
406204
793773
403600
357822
353936
66566
913701
70142
491964
685199
115018
249761
769699
645469
59352
457106
388280
545509
581381
831928
209599
76467
871375
830769
45793
958829
733399
756235
112319
816755
615313
158798
760721
448567
408056
360784
846480
573639
829055
677411
732816
414218
928241
391180
983100
405317
885043
173622
252518
916613
800851
442346
753898
117360
633838
91524
943114
18655
771644
140404
746244
286954
992329
107137
733664
638565
725121
334127
135514
496910
589864
66355
488487
122669
167725
815511
5644
611488
835580
430526
468975
994763
282633
338992
558661
176061
20230
624185
53536
589085
794422
958834
263970
272646
315759
929484
391427
523918
131890
954235
248189
413346
785946
821849
916273
222869
627325
861657
476291
303717
771356
891379
895041
940841
740477
383941
524858
558110
261917
744545
438265
1743
545546
195713
998221
698997
120381
530698
647286
204955
969442
914627
888250
22341
269956
987921
824307
607593
519613
757970
428607
161009
209398
152774
921022
139592
489712
654163
244216
428287
468829
128436
651628
758650
881398
828688
846740
273510
869582
555796
945970
102060
530534
133974
776856
431847
701332
682015
668629
842456
176079
642767
944095
600272
179814
171095
779713
204508
459949
274528
965031
721748
798397
50978
363146
349609
96126
474371
550613
209656
436802
441718
198230
585556
697300
214099
243401
694505
340236
959247
800257
608294
997325
834835
55505
124952
332237
939276
105963
232716
457767
500815
807998
305156
874503
875845
229602
319588
496832
283849
222589
200512
836980
719080
965410
855591
828941
147988
66333
593782
91504
926662
962256
393551
653255
353935
900162
923662
292274
413555
746253
309855
679415
52721
232025
387812
456424
794517
17111
586101
228774
88189
125399
642389
207998
563934
894016
72015
899424
277800
563975
680099
798592
107491
36810
436659
533280
691316
123285
718818
267945
690236
818259
264959
473503
696867
750056
182791
357777
815543
973193
6593
350559
793946
700077
108465
42129
599524
400290
734270
885179
502870
935346
556968
787514
55411
42291
918422
446502
830220
531301
865272
906134
432445
20427
675343
353700
79804
894889
818074
615464
3793
448840
195821
159340
28674
844278
72423
667479
948047
604775
311266
402788
737721
850981
417122
660798
218804
380331
404395
571920
516388
995176
698943
399031
546887
191543
121487
261429
811028
434999
497681
908620
969721
770589
593238
766007
36431
440603
882077
979434
532407
516890
121267
596687
620068
293749
828648
341420
55009
332889
537274
658618
778571
603725
135449
840580
110605
120301
691911
78560
795979
840357
912800
227555
608620
362592
780376
920387
823286
134916
983008
422105
627975
469496
461776
276857
468831
649678
771122
366760
394585
809326
979273
475962
699036
66939
518744
832921
547738
604873
738067
390110
819053
998250
902926
792700
89880
118684
48228
86436
552831
364664
392198
219775
664347
803473
989413
306521
492136
48770
921741
432540
55570
343470
604508
513799
434073
369304
719745
342839
56278
762484
879217
496932
376614
179103
366990
223555
96245
24456
214629
767436
191684
637199
421661
858339
277100
802280
349800
239838
245331
955826
191452
186770
707731
340691
941382
932646
484506
673119
484971
808205
284828
588978
257316
678417
759991
252297
424493
957629
313076
29324
691643
81193
404999
58099
652077
816758
609553
876537
57448
209602
338985
11262
511091
273698
986832
574969
864965
763892
216198
471817
35170
494427
259359
768387
41895
705183
388498
151989
826637
919393
167602
168598
802944
585225
701975
109485
156422
548496
864520
998586
625630
64933
396903
121934
867513
627750
858883
935965
539378
359986
630560
993288
913957
100888
559971
732508
184945
601775
392432
592937
617460
439216
818180
935557
351196
351963
831361
678343
973605
712970
106073
387067
946274
758973
264130
801954
589722
17478
234405
426089
610177
94641
385056
853197
86442
617399
747647
970466
425799
659358
446088
36315
44969
422319
393556
903514
435442
293947
426967
334847
832098
656993
311297
441484
919839
986584
464961
763514
885008
839506
832680
407576
646734
313021
63717
958304
287866
430638
41012
588288
546016
698414
850762
905534
722271
767714
482117
597889
518478
739017
903169
860674
123570
146221
672048
926780
335203
72041
910944
757702
625080
162473
296019
99549
834620
531941
697643
659785
622234
680600
243093
118474
874260
581435
867760
52067
38705
37153
871157
618278
744246
255512
600418
27330
126519
346598
146711
407903
999541
106727
858897
665326
382194
20979
554008
325095
917989
890061
535513
156554
410946
867039
918072
579564
41188
975620
301407
471263
820981
374073
536124
10525
505209
727462
180749
624465
479904
55801
261958
934380
118210
336832
118906
837734
715290
959532
437777
508332
391961
848084
64094
148579
291431
705915
818050
785711
984330
365571
332056
268172
244303
672538
879890
888791
259738
679787
273286
738197
906781
184683
164505
974883
924631
801042
512338
687632
706124
826492
544249
921483
945001
138944
278745
740208
565777
235839
559800
906253
202970
315985
599091
873362
993511
996189
221996
307626
599490
853491
369753
279432
187934
488725
922871
601805
560176
218240
579848
529906
745402
818015
350403
181940
151308
968011
203929
593484
799371
174517
551526
275277
263033
984353
533940
508742
674209
247185
537923
384036
566798
30854
969978
762181
385505
549471
79137
925823
204043
125199
539388
672444
568908
772002
577531
999342
413193
463279
663719
331469
669522
525200
169622
451197
551966
883653
943078
903381
473897
85153
448338
669557
222049
110634
977405
331886
316632
5985
450700
780477
453147
264277
494212
756950
543642
712038
805493
172639
153463
375564
302307
191561
64102
433122
185430
526317
283619
895048
841041
259330
73107
96128
458359
772323
461066
433255
344599
43734
277078
36287
182033
656732
951995
221113
890885
349774
203953
641347
336978
837167
257804
28700
854508
928818
430175
291950
441994
686409
753131
530577
533427
467437
806534
211502
446812
229136
82495
356007
968756
390983
14865
88803
46444
887554
272577
312322
227292
782723
37665
586727
311763
961712
767167
519732
666274
969277
372631
100231
780824
20274
841809
445855
949909
573174
74170
376969
405485
627539
105183
78242
837207
83278
953909
863808
997832
82479
44241
723190
10646
243886
522219
892502
70964
95590
820143
169114
465195
813272
502815
67831
218648
579324
772016
202763
227239
492454
2436
471470
428390
977883
335566
716564
422931
74972
667647
544874
972445
812180
333582
895371
965492
118455
410799
764465
771302
365709
845355
220903
381012
688758
537168
472387
374174
687139
112048
282150
542261
977453
355312
476135
951021
335401
185046
630030
330058
843451
602676
280313
940639
543043
274321
164580
491720
579543
268467
63823
249356
723640
3834
792954
216123
454627
645851
765748
144845
499050
31022
346522
194911
832425
695477
893235
239606
672275
737380
995343
189380
917448
52383
914624
208635
821731
947188
648289
372569
429005
258299
351143
135822
442693
881404
77115
966091
754034
51384
930423
633599
811699
803754
752742
941233
379531
795434
415120
130372
999706
66056
632046
803857
655365
380578
969934
970275
709762
509809
383424
732637
188259
177511
180299
219770
864981
431067
789424
590151
417712
877276
86024
325623
122617
565646
314722
576381
174652
298647
843171
18798
739989
801683
77720
544127
273597
495127
877452
108784
468070
576582
714058
245887
439106
743597
642413
62903
398496
165382
870304
31719
117294
246657
345711
515118
939789
317567
316119
767630
973212
630675
256741
98876
348578
949368
913178
994011
124848
571584
458904
248525
491585
848567
929108
593657
414548
130462
159804
863816
764173
598851
434755
488898
268636
630915
922642
982048
341228
180736
773033
137382
946000
160299
432100
852367
186159
956102
337658
846022
226453
26825
657986
56756
493795
993362
150028
172665
839615
754552
529932
572250
492966
940299
972554
934989
185133
448322
486412
918906
784542
901603
946699
596174
144988
610663
511384
788058
640719
28142
994023
46874
38698
742682
521808
795390
941321
774992
468508
53021
22177
310987
219343
253352
672914
35260
798449
888996
481042
912675
769503
107464
166508
606735
106184
925689
219150
720400
921537
431022
499619
698393
43954
192988
493141
539571
432333
122752
738486
433786
334166
186230
193768
59697
907617
701936
946215
558357
752352
436134
724802
131922
423727
345539
132638
807698
541081
611757
380287
154768
543258
561874
571661
643791
493143
176001
270932
900130
587833
145337
161887
316265
192245
863203
100409
361552
281307
306734
756294
455686
149535
498339
342353
456797
126672
123743
636754
655937
824206
927372
618844
666780
129945
706030
559160
752690
766493
78274
331133
942851
734325
719566
44961
755022
371308
422264
843423
464494
77893
164660
844874
637200
980828
354773
770459
79456
938147
552247
750554
447663
324293
265689
169728
508343
976642
872965
180014
442235
533309
318398
689038
645708
147020
3547
212562
198604
220932
207156
970261
539673
379719
445063
999046
919088
362812
412333
860026
882104
906628
537534
723186
378732
968688
723043
228136
91384
838981
545468
539775
225757
782497
46703
444493
319798
861769
258831
165523
591399
499406
775053
815316
967578
157943
3989
48338
216164
238016
226161
529421
535633
925701
209162
290815
549532
256044
931948
915366
898986
102134
918906
753717
530147
147755
790768
60220
332964
156509
902168
15234
3514
11424
354564
90749
874170
66484
248436
111790
984242
325108
770147
667796
848251
840513
596515
236196
219860
519020
144109
494645
646519
199749
390473
818910
763240
482774
350923
890132
83439
282704
807270
668207
510659
495781
553742
727306
917014
485960
250613
95019
912526
319096
957441
288408
364118
804210
555569
198242
313811
436973
563430
836944
692778
282905
298456
736287
631202
686426
945765
957655
223467
446795
856562
260650
324033
763068
318093
965140
321413
817642
112197
437291
865989
341520
410961
931934
211975
884387
945641
731597
174657
798653
929020
136801
701109
139048
911489
882716
705911
777967
607658
984051
132946
41642
742946
843035
170202
83370
138581
694631
166540
27393
578593
108594
77757
640648
483895
319799
203783
919532
56156
616205
569730
514899
348202
878143
550544
360946
667810
633070
242334
222227
828244
666735
643055
127972
21556
314669
920985
823957
509638
47203
921573
439616
903189
856704
591490
541672
530217
257489
183347
625472
283396
416878
945308
881338
379519
50100
496937
765624
664521
232297
245922
504808
453953
207599
9888
165823
411515
608264
473338
336981
637174
236150
231823
781200
961613
704258
953768
646901
425189
787879
624959
951816
57264
292870
931493
91072
365745
612832
584093
63318
396844
917491
789979
957276
831508
91326
138087
995989
347694
124508
879233
97173
396578
647454
954872
475462
615997
695824
156470
285960
335871
594545
482020
688404
18039
57447
97098
997383
16892
213348
304904
776417
747381
289961
583055
832362
203432
113717
54476
71465
782470
416635
725541
89536
540733
180602
446703
186098
329227
894970
829161
215983
741629
655091
285683
321751
443136
487453
954526
126421
243213
151320
512477
408406
225370
937302
786326
629153
353560
660009
631692
938895
237484
124994
763920
447042
158020
839412
97834
611120
29207
631337
681473
571806
704641
144465
493478
141487
923861
882885
214657
939903
238219
594914
581273
862815
455943
305468
80973
668285
502542
233193
561818
970013
105397
161624
790692
338326
380327
572848
119450
526811
223112
997707
195484
66170
390406
588283
87951
596813
292170
876463
291728
347806
811677
46602
818234
112162
919383
820836
985570
917146
453353
232337
580018
343092
201650
144816
776730
105383
341055
365846
579535
81662
361649
597073
568108
439905
838255
266146
425290
902937
797427
493196
58216
471065
972624
58983
123920
116899
940387
262283
423465
65066
986803
980906
938167
274387
566220
83691
247336
651261
383128
580127
689008
340323
453314
539712
903472
162137
981851
864961
333966
897522
533163
459959
849722
654266
762374
200610
903641
994359
927314
383253
540162
848510
507040
5081
128485
499583
515380
312769
912129
77758
517001
545025
337851
77545
928650
690250
655302
380475
919704
382264
463356
147133
113832
765057
719852
728343
337524
271800
228588
437699
861454
783826
770703
626280
937062
562080
857170
5238
943455
676534
544925
573117
128665
398301
881247
822126
754503
164741
319305
121210
435678
279537
882387
303683
601569
467799
945103
523272
302963
770466
246966
384845
36276
32792
157054
204706
864222
418481
268031
10226
874579
964010
113621
549721
937660
176969
175709
150857
798284
77729
375550
739509
769494
885530
928159
710873
682948
758067
779742
630766
294879
607925
845129
937438
46693
39718
915485
912841
935740
878536
416120
197189
264457
593332
160076
31788
205075
158111
865214
232468
442221
539321
480854
619611
637243
49580
304584
260643
95742
265885
460690
416973
813769
74729
558712
529783
28317
677020
253954
927659
504203
62497
991365
193977
52117
546308
429994
293068
191564
449699
917338
621571
447622
902260
911162
125023
501890
44934
431014
499615
305676
620995
462408
285168
307443
56479
733762
347788
146714
652034
439490
849248
523082
434935
292203
305095
461673
553001
752812
744536
865348
831419
409383
302608
69130
258992
253931
798714
93786
722066
40880
985538
433190
262419
1775
188451
504037
499647
937874
997912
336668
629084
115576
526005
692234
583059
449215
493147
554079
526288
171573
72090
860226
845485
564518
983794
418981
188737
350515
813309
181170
911999
30319
893734
430193
498035
792974
392439
995014
127397
621320
426112
291434
601555
869528
129836
853410
245036
898754
610284
28890
246441
322819
624241
683582
137465
37904
641063
81263
754560
488543
671288
590684
79627
556810
873543
506824
814148
52374
487966
68179
405405
28185
86787
701997
513959
49885
481343
635766
588314
106581
879647
276016
295688
66467
49817
174391
47099
452831
312014
976174
750442
844304
155180
477875
227030
387805
154770
808205
435054
753411
653773
790682
757677
357498
361724
746330
134012
833785
625028
351368
737939
541498
626814
677483
242789
365695
185650
211230
449116
186851
139856
474277
198348
175134
527755
847704
46802
499363
904125
341206
132617
131474
169208
342028
32375
174366
229039
828653
174698
544353
654481
140700
554879
898981
261242
159192
77603
416823
194276
670283
844062
407910
667354
760761
95300
761791
982224
325057
325364
924784
831675
151196
285838
438786
176919
597082
217631
71106
182130
568687
666343
218079
787581
368175
664341
574810
507718
992671
895663
29197
951628
633351
699112
360478
380771
449698
410446
600844
342433
175248
596288
853238
47287
748804
190421
949287
695549
959082
407371
578377
398615
40919
578683
422206
691689
267638
734093
388705
887798
846839
832741
255071
684734
845858
38897
901688
503819
448300
332128
847054
13055
574531
43617
978402
167069
786677
618349
213516
882432
442641
17132
326316
159284
263852
692937
322107
58841
837877
2782
557956
451257
89761
249420
269491
859408
424860
286320
287462
41600
71176
764958
505754
179791
130606
655186
97090
669823
986237
627450
563497
546289
6760
249889
455668
517036
939266
723875
998673
430949
988130
58259
921060
757533
340404
165666
500178
317950
817052
353377
208650
74550
404593
76882
375237
259559
653125
625941
957886
503484
314437
620969
867617
909922
137831
811868
278917
215834
441477
691889
15694
274990
933592
865896
411350
107170
270399
945398
7408
666839
6778
981980
77159
302391
920731
96256
239135
600695
174204
11258
359781
941568
410525
657140
535512
622910
682648
878369
191425
859642
56594
545063
237240
308204
840926
46905
780627
23267
655797
231056
113897
914428
974035
334774
562084
838068
341941
358910
308803
433145
218927
630266
500798
689617
262794
8753
772951
24305
931416
309588
832559
331376
471776
31245
895046
73293
723765
406661
572798
982921
678825
128174
284685
358640
402483
835960
375848
251702
755004
605226
915702
68661
325856
219167
576633
241645
135345
972727
86714
655324
950753
116434
496826
461845
514490
820115
905894
763610
588226
713023
347504
398672
479647
639947
257016
724664
637454
262113
310327
864530
975390
527202
453781
350998
817539
834556
629281
486580
744842
929679
39479
22049
166704
176355
795007
948700
141771
875257
438997
298357
828414
724651
153754
849952
958118
351805
420223
552647
893957
83004
522987
292851
161510
765523
571861
356105
821015
506739
645673
564716
687273
653494
254705
608121
197746
199149
565286
525377
679475
76228
733379
647782
871930
469328
253560
564524
825545
365983
445609
835395
714689
52418
73018
241973
678983
156636
616017
342325
538325
143056
906309
974150
114705
870896
671511
137432
937796
942795
34388
380043
311543
90629
165262
408371
75382
772282
95566
149932
906445
486088
166331
906062
678040
48978
707461
550160
214884
229816
321961
950589
767018
681201
583887
927234
662041
71020
49563
86824
889220
679264
228708
824542
819254
496177
565443
628048
869887
34502
538684
574947
690299
651671
707285
575852
356102
166963
897347
482571
142010
954236
757424
654610
670660
492543
591941
957018
623782
564977
723954
448784
745839
910347
635446
213337
570484
152770
786684
881363
156587
261065
325725
401008
133315
622800
864982
521707
522676
57128
123827
275213
133132
736040
514540
461077
799341
35442
683468
773692
380780
795432
610088
744135
225936
333469
113737
112462
758965
824565
521088
594696
952147
339449
807034
263672
710182
914627
737439
924009
611283
517525
414306
928879
25257
665413
152230
859856
360183
758574
799567
371038
77002
896167
458564
284739
155269
57513
55786
718460
893542
52041
367486
621445
284272
567857
914121
604053
715829
981957
604056
354271
423167
334322
128573
253101
933883
13648
888582
24180
737848
254252
668067
382870
546279
501655
360055
686186
800073
68640
798002
527333
537430
274074
148820
67227
337208
433538
383291
650277
817183
653825
55503
912833
85306
372627
994937
160087
617257
980221
543234
260846
265045
661741
652162
689481
489071
806631
500194
630490
450070
946108
282128
253485
297475
200007
479521
365068
847255
641106
229285
648917
854926
818058
373597
616559
258418
917305
396360
208673
90636
689857
729759
710409
243038
320584
849042
274090
899224
875661
164458
878789
251478
828094
966375
998670
63408
431717
582899
600603
748269
390861
468903
346446
895255
355851
161192
36532
594973
263798
906585
398265
490540
439605
298047
297381
212156
673916
438529
329282
740724
202711
993047
534033
290017
627510
986556
670933
497103
335689
358520
87268
67177
907107
94645
720677
531637
326336
222056
185746
447194
558947
76277
212787
189013
195902
26687
930422
472299
421792
281707
613462
874459
520719
485768
553686
923917
497832
567215
653560
771838
165082
699591
191497
69478
216477
298339
962213
436567
401151
690758
656807
825070
891813
469146
914621
157881
341649
565351
952540
853444
924501
769557
57290
234973
861166
756922
512418
366927
548910
682766
724019
561550
431807
60344
407918
654756
176248
944775
705888
163330
549010
412548
9624
604362
634494
948088
88558
583007
673281
627174
841279
736155
855891
921587
620136
257227
863645
540179
614801
521324
812796
968620
222909
280096
528588
273416
684544
2183
752666
295338
512216
197754
970278
573240
409104
984611
32950
211315
435742
728553
647833
431142
158924
322093
106683
734468
396518
553356
335431
443467
958003
60915
459561
882320
472903
570504
601039
617234
997976
466033
549262
981642
598831
259969
281534
579097
512851
197147
47817
578486
817612
51233
880012
394470
752687
154518
937800
780662
972553
839427
61053
453854
44486
764052
263116
114675
447695
44240
669731
133397
178590
721182
585176
229159
821941
856165
950148
186711
608859
463094
445236
26841
549851
564576
889272
74986
204909
888804
383679
57063
32396
112193
861863
692429
544699
96635
317031
250893
690944
270459
2265
194060
985738
158624
323475
330858
907765
80352
978847
882888
3205
201381
137663
477337
946330
453177
96878
363515
533251
312938
905597
83621
214691
75857
905606
419185
309774
45122
358
681708
485218
15265
735338
319314
432942
530972
949474
370832
933981
666115
840286
514529
657751
486746
774699
330774
113054
936964
72978
926262
140894
618037
294987
251979
219015
818827
265990
287903
634222
199536
193449
764522
270943
730969
746817
244571
363087
847970
899058
197933
61175
288373
661621
168516
77831
757749
583904
253934
992104
385447
33675
897193
16728
918850
826764
424108
162320
740473
732261
851033
768628
86474
743777
234532
315346
295346
777811
237947
273619
522000
636998
649405
514279
115135
659077
301590
449953
774775
461618
215712
655588
681981
588098
820419
185552
24267
662639
780935
185382
727883
868764
314580
682346
752112
181758
865861
631400
896
804734
667645
391740
763587
685276
24518
814023
609262
822516
120237
29491
828044
313787
773248
849582
838022
735470
842579
408270
457827
504443
920977
309247
582628
324524
542984
76193
595216
686567
382699
146770
794097
661383
819335
999602
226912
901402
808198
258378
580220
850013
210572
778381
195620
646773
608059
788077
857385
112177
155221
132082
728229
497446
208979
541671
697512
392808
314002
645147
450148
301964
620426
122759
764664
911005
963541
9502
905315
6738
644662
654000
485842
332424
418219
252815
851415
408185
312174
196922
850502
488842
687189
690682
849832
383680
374540
233571
983333
820699
823596
591041
919874
402109
936752
823252
884811
968367
673020
789082
276806
364813
561050
297676
984082
187951
978194
740941
423202
77693
424267
607775
398682
517394
47001
754453
113170
905253
360747
685467
45642
868667
440808
385257
958974
407385
872847
433660
998503
471826
390147
236516
699570
9649
441058
207771
734775
346722
894789
650551
400617
7848
715786
902041
168362
728138
715234
30664
105460
457678
422813
3929
611498
620137
712650
781425
706644
750221
64472
229872
60719
905401
244297
105712
57478
924076
748570
605672
451396
685354
571455
146784
593172
14908
727090
104821
775373
776825
486907
213662
981102
993186
476704
208022
206229
541060
618984
78115
569713
90905
403116
997190
626704
470843
119228
581507
655591
568056
501292
647231
202814
211525
690685
39814
838259
219650
553581
428860
899194
941722
163863
185069
982197
174050
697773
585749
80188
289485
77403
631531
555640
783410
447127
699283
591234
209705
970466
104858
365673
657003
494387
404216
965055
498546
343893
922553
959162
138198
881835
568488
647209
870684
497153
463977
209047
775902
369397
300500
385510
775127
698116
618212
855531
591216
82842
397129
177866
375410
392682
448041
21693
190101
774100
95751
423053
369930
411305
558338
973059
22839
275735
243564
168965
578223
379419
907145
640666
341060
981604
247496
602871
468940
788831
47722
677142
653123
435725
417960
178203
55325
437082
39846
65337
728627
361400
569763
22415
833961
191832
518633
549035
452845
712607
993429
520433
692577
287274
659191
405289
81841
579708
160232
218246
962682
609636
25348
327889
699078
31496
774206
441148
42830
678785
540768
441514
924271
225608
34428
271173
268269
282960
70722
716088
175292
369349
220843
778261
952784
973687
352791
300876
33885
362945
966927
649666
778494
877886
264793
547853
515991
207264
832446
612160
959387
534205
668211
743865
297452
508029
39616
291548
854393
710629
315404
821135
195880
658565
485935
404037
955750
410367
558871
565625
459474
533101
396964
423977
428460
523078
850874
92790
663560
772662
232345
122516
626612
828440
271675
610269
265646
995589
708336
621700
262360
309118
574687
737025
119758
514700
50146
858542
153319
980143
486805
898474
500854
393146
837338
603596
724187
691742
252217
567139
440086
920979
55606
428568
688345
612648
657955
368353
421698
844463
218183
267493
585246
350928
29486
320538
742336
930168
670176
466011
99343
919350
934608
729613
83553
695870
439103
463272
336368
2319
583949
507030
98297
390290
244913
500998
482720
231433
166335
930996
62151
553712
532779
4248
523754
426662
607317
120404
890113
741492
641929
528389
946754
10207
489133
740993
69704
242512
473814
416838
604357
50046
120399
713290
311167
874594
272876
564079
164233
640228
993787
941844
965557
188912
383224
928502
820782
574910
119992
335300
511494
665428
94458
689589
194633
523204
976267
636826
661363
731394
939974
193975
595736
161838
57787
834451
887735
684942
60977
84930
75818
972677
270159
170810
420804
855789
499535
259770
945990
662132
651316
21865
17610
585105
533910
549752
685282
409487
161122
164104
53831
856556
419479
266969
415888
401170
526925
199760
738930
660573
148514
12776
370912
358018
383378
159585
505437
423854
92099
392295
30376
12540
194780
552707
873139
86154
637470
529503
851291
743231
698235
383097
338971
656385
184064
527462
767567
822961
855907
902185
93385
330044
111548
268206
885527
988466
554641
117147
613971
500029
583110
196811
50840
287981
541257
324405
437125
242845
297310
984206
212613
414036
331764
187866
658534
112250
551748
213221
760464
978457
82808
131423
963261
322367
231846
482428
260322
436595
663612
65267
236218
652288
588021
572303
264760
617819
416698
715527
53802
654212
914533
568230
123629
69297
345677
76771
607474
997135
493278
84884
970785
670112
718381
756910
860068
28137
415831
986529
312670
222723
323616
234020
985607
883285
146987
247758
894559
978820
869827
294626
393411
730195
943114
849197
770223
306598
263954
172975
887272
974272
488576
852728
750814
956473
758746
160824
760483
510667
363521
50736
658732
632290
206834
707287
877500
353986
206307
833927
62277
825033
909838
278259
43020
227766
683851
172246
416850
116086
800779
494956
209253
945771
633182
853419
788488
407063
948089
321097
322171
667123
987480
373664
585524
783248
619501
318267
857515
357304
349876
125084
974140
967674
394085
238986
347346
37064
328310
774290
903604
572859
60734
477012
447909
651257
994704
976777
916964
607259
291361
144422
349606
639653
81758
821586
172989
943438
327099
794986
579848
541734
780624
650780
355131
705006
165784
63384
499575
217530
252765
148272
393296
779348
989000
739772
44218
516500
219259
842526
174194
913184
816966
49260
509891
476521
240842
417682
666068
97975
629553
155801
435591
384981
551964
477606
133560
202225
441705
160049
882183
284036
562148
657424
368514
57697
71545
110699
658966
752050
387918
227059
112490
456578
589461
798847
298580
43242
28596
581300
96770
766630
686426
354909
831051
917594
49240
260943
375634
121344
449864
917611
657754
743022
883994
399525
878702
392151
285326
894601
76064
701865
123154
740189
358097
399693
972250
584206
255492
183712
397212
617214
156238
71213
92113
177857
716074
696603
721166
546730
470030
501070
317227
412735
609801
878624
412385
321159
37226
121432
298477
394141
355871
441950
945288
751915
420763
440167
140280
357148
430541
131342
356147
454882
316828
52958
701042
387048
362364
29145
61278
323211
562460
886692
207398
368133
233590
788810
201895
581971
768445
881129
920514
680339
238514
628988
878929
569172
753309
565909
842736
413287
99547
170192
891079
637701
204171
239903
702861
117248
391800
446102
839373
822702
240246
709962
708314
360570
76955
671514
711536
168927
804781
796075
802520
613083
797209
598968
309427
862592
61201
59984
415735
225041
730064
546099
132842
562269
219248
464273
947639
521096
54763
425735
582961
573343
466889
918979
469947
278872
331122
360765
598705
760570
933791
922734
387347
111640
341577
715825
89310
343264
862118
755494
45024
524646
197195
627818
776379
967641
410458
929865
521060
664610
758448
367309
308704
700859
766639
858068
91992
31935
671525
112821
763125
841281
495235
941580
109810
675158
570970
970068
894736
689488
295523
540462
278672
637161
249413
318147
749684
674585
595691
529427
569617
672695
845191
814734
503864
480315
659066
397669
261567
506732
348634
642306
640796
65531
128148
99484
846881
153176
977790
827415
831936
723535
182233
112712
789768
63473
224385
715064
132745
574843
734394
412046
375811
124654
620789
930195
357752
137878
343627
314215
140906
776320
528766
408335
747934
872145
767911
402092
617885
766133
500804
327424
293658
838404
333991
984757
389116
313311
14788
22858
326494
870386
549647
800528
683341
699688
632815
217782
243166
902569
634241
920015
5055
557848
884914
150655
474922
348556
893317
56214
534696
375875
428473
432128
65613
674581
113034
738675
287929
988248
284132
713266
471752
562675
400228
58777
272303
72415
198942
497129
447842
308027
143859
943139
129569
920567
437560
675772
130253
345066
23646
162199
1931
6164
552265
624667
682922
46794
241666
530998
610525
114713
932578
936597
118168
191913
402686
9187
784385
58366
185265
127039
155896
744261
719028
657300
928203
243835
645499
893086
234473
839098
465735
656326
167147
613182
569979
757920
36559
120775
861826
847591
157022
726997
812762
182874
143173
826312
803411
500015
798060
9503
34618
479124
679272
259413
124471
261738
340612
425127
746661
101025
64131
549461
311046
503179
621033
106045
739064
153137
229799
840015
844658
508537
416034
700259
695610
192962
920920
301341
600705
222770
153784
459721
44895
661433
939185
611512
977648
511099
470043
338040
348928
523174
445719
800603
682737
138038
347610
617303
779940
948574
684659
602521
350084
923018
827367
833537
486164
119702
741229
708991
416851
779596
529191
20355
897372
492088
197569
570234
933334
595321
471032
540305
270954
94412
799624
636871
232732
159255
924424
23455
29320
698128
498349
187577
636372
594199
294711
182755
689399
939044
478535
137029
620181
649
264287
525694
435026
722915
38518
468659
118183
269517
687101
231791
632988
497044
434065
186766
888793
270638
972738
715454
843524
219961
49711
932498
119706
874110
948339
643731
126042
111179
510833
658257
697155
511487
436644
428480
690855
513075
599737
5029
815303
233857
38447
462513
197694
446930
89048
277205
851589
473838
857736
619214
251807
695144
855671
159392
683761
968532
157802
785181
898397
491671
888620
569769
874419
550449
186601
445425
166198
152703
53981
294505
398825
763449
659645
590645
960969
229624
730300
297776
841767
510727
638707
466117
859676
16281
677678
851914
239265
191873
794620
931733
606161
492595
753846
882212
990886
36036
292453
452712
359060
36533
340506
170927
518470
588225
787339
990519
992765
486500
593226
314997
597021
555784
269251
313524
2209
386147
878154
582026
533576
472058
744984
496931
812246
493661
8852
59040
619802
884298
995648
631506
542423
887538
146511
738568
534125
22822
897938
10642
527910
250891
476844
436572
619165
158475
47467
315282
147376
166318
26937
686754
210252
105407
672446
566243
758599
503355
235323
5771
440813
576215
75986
863461
792576
230556
138584
173896
200409
346466
95311
181696
306925
234219
287740
425651
171198
435639
316151
742229
549362
975806
757727
694947
118616
761521
30615
730070
332024
70069
863229
309251
862042
975081
176810
376227
267429
115928
444148
777329
601245
432852
748482
674552
166850
362126
834003
565087
524382
513868
412991
252704
151884
39688
874531
4032
873333
738163
325857
166752
279999
443230
589768
726904
892154
393882
380201
638960
734836
93131
382905
274996
334430
630031
379329
8274
882059
560611
869179
771693
455304
221893
870763
413057
741513
787745
708108
806776
663975
466140
629983
975580
676498
984439
48319
925998
262430
912685
32178
507827
350915
434405
448284
370489
946205
890289
800275
8128
255081
792159
386214
960501
992954
32961
867526
468150
350993
703090
722415
268039
314595
264188
342949
759797
637814
828601
727378
472894
798833
946019
817889
621518
688367
608392
538882
546627
615828
150032
501982
13589
457424
341877
161394
659020
415791
257225
926816
361874
912563
420800
371054
951536
593296
343854
205553
459612
288373
795056
139512
72310
44085
60254
86808
46747
14798
3766
439913
117209
90138
959668
291054
336350
620393
353623
548298
871492
498811
484122
867844
7649
161277
76554
203712
496594
771800
64379
562125
435206
976562
548716
240297
56579
129729
40990
427930
173768
821039
902867
554653
528778
868133
363490
177724
968331
675907
616144
521739
193151
10625
274758
5688
808936
788322
905261
222612
544906
435020
437579
873226
799737
740542
11192
97268
124902
898206
210435
494967
861876
599465
705333
885882
912370
635534
29560
513553
539683
447327
599202
971710
174482
460521
104290
601491
429741
844341
89695
488956
917293
540630
882730
478341
2352
24073
21933
808864
332610
274922
994789
81540
834919
872318
401731
267334
885281
949360
629590
379126
526799
990268
739713
247330
935476
95541
554307
562655
815131
392754
859127
979369
40463
728634
231451
608577
661192
642335
249357
673369
330420
890319
741628
446380
326804
470023
297193
845139
602816
172495
468824
221746
710321
183425
977879
950789
29891
147545
755218
393036
461730
413074
837959
692348
623762
880939
982584
649358
646401
997742
351979
607864
853694
951946
787287
888519
977004
59514
985050
809268
60055
658259
365924
743129
883146
569392
543315
981291
559508
330288
78628
393141
938238
954232
644354
4702
585941
930922
807080
653116
413133
545771
389551
817166
461695
366529
774240
572487
976068
922548
570459
374983
643606
184980
782850
37100
808438
445480
991191
829004
538387
586484
79727
110322
655931
537894
738874
278003
231904
923004
302881
101993
584562
510775
484190
712779
526848
112040
218486
603507
461129
984030
144039
14276
933362
640563
204746
977289
427631
204541
488355
119002
507130
84882
689669
38970
889173
811784
523106
715026
679474
322218
999801
920531
784886
851807
731513
81832
473994
859770
326931
352689
161408
90333
505508
937317
754265
957060
769819
854825
318441
925784
349475
405211
397132
467331
657956
570716
45921
453003
688302
466200
536147
573777
614410
738370
722338
478440
361769
506034
269650
846396
64768
32228
293727
537615
137307
823903
478054
295242
149222
266032
402870
215601
823164
214354
644847
345855
244820
194617
188237
321348
814005
986047
825851
912650
554919
402941
522193
716588
150970
30611
161267
996054
472865
520597
708012
850142
428240
804896
575033
479167
676942
250123
905217
298381
128119
339898
556037
49719
163609
947360
802791
862633
216687
639633
165702
423127
676058
742164
309776
24322
82030
83254
666485
292409
235143
437744
282805
808610
147105
693674
415822
680751
729678
676899
560084
357336
739251
385995
920037
622504
773163
113452
821371
762014
48378
559010
192763
348395
283964
577143
43468
957696
255889
643066
812396
400723
495962
470285
570768
728460
166326
467575
323117
354340
356722
884440
70384
125315
923815
561434
874008
69173
520207
175418
891392
847300
645304
749661
240803
650101
391060
984859
597715
386564
52653
659506
624797
539929
927501
946701
694194
988203
435584
999341
873448
421278
159848
566803
815350
725631
527549
723581
17197
853144
631722
13996
896401
242282
126513
446948
267053
817928
220940
810867
96039
960402
542723
721334
867451
604697
47144
662536
490513
807738
205455
38564
448937
704479
423191
911714
808541
762879
10802
672326
775197
643359
57339
358330
726588
770048
242514
722556
28965
929164
963250
431991
494040
824126
147930
975555
31341
537508
784861
955585
907801
276674
501037
443131
39055
612997
493131
988270
905851
663752
734669
694028
14199
311355
661712
486168
299291
606308
473903
340936
510968
958271
778572
769021
412406
583915
552667
296369
573932
950723
300590
31097
650285
632648
845587
660672
292379
76594
408172
384626
263518
267868
497123
355460
905255
178334
666910
174058
829506
182708
380006
865755
601229
336456
53308
549405
219925
523030
865020
704111
408428
998652
51622
536965
73856
789648
234152
460001
818354
730316
778833
95696
46127
668587
319148
547757
38533
512234
344792
897538
350393
340155
197500
16338
18407
761242
904560
819946
366487
67632
27903
34199
643026
499628
109981
388925
331572
116331
357202
912562
739046
349057
917521
660848
384625
303829
480871
780358
787576
274797
959394
281339
483784
732137
689055
274112
488414
256037
935014
709498
966093
502608
480191
856079
570180
308072
729811
845748
769167
464345
74262
623881
490900
532131
218423
551595
584323
296899
807698
724952
923562
118642
959310
799574
460694
478042
241962
739056
171172
479707
237825
441660
629866
937387
67852
642170
905854
936568
164755
834439
570559
446648
137549
214999
876503
637845
787381
809296
582905
47305
206442
9423
479555
634335
420078
725935
391824
66478
216768
236143
337370
286143
651496
597473
549055
521760
205079
186811
278779
427931
735338
525428
653361
965828
165597
53931
366336
968068
321779
932848
658439
71579
451460
261800
864772
847458
736559
333890
788072
508595
545906
671784
295219
533832
264764
628113
828047
911702
285424
275203
969718
477277
146352
157769
814384
992426
866898
237100
650534
202799
240428
16380
387381
94095
220782
404194
228831
965680
565320
346879
331038
741403
582333
640278
567219
145429
171480
617589
67371
985195
342931
602355
900715
804096
54238
114334
125146
593254
513530
820788
440645
84741
63441
136953
852583
387892
382248
196750
76018
375827
17020
638504
893537
281096
198156
280254
316906
417326
475495
295435
196705
808040
963268
942034
874358
774318
884467
247007
577382
209715
664790
302582
521386
353869
