173
363
391
449
526
579
582
594
594
639
795
810
1199
1263
1363
1382
1412
1449
1585
1696
2022
2119
2312
2336
2548
2741
2770
2873
2883
3070
3298
3352
3481
3663
3668
3676
3737
3806
3812
3868
4010
4090
4309
4334
4395
4557
4594
4595
4741
4914
4946
5051
5064
5165
5169
5211
5314
5446
5579
5631
5738
5785
6322
6517
6590
6649
6708
6717
6718
6761
6854
6994
7187
7223
7224
7449
7490
7517
7573
7776
8251
8283
8564
8914
9054
9057
9062
9208
9407
9497
9499
9588
9748
9751
9801
9914
9957
9978
10104
10113
10339
10386
10395
10417
10491
10537
10546
10546
10645
10685
10732
11034
11109
11228
11328
11646
11703
11873
11927
11971
12038
12143
12345
12566
12712
12776
12925
13349
13484
13664
13671
13742
13852
13871
13999
14043
14633
14867
14893
14917
14984
15263
15572
15580
15600
15610
15657
15693
15711
15955
16015
16091
16299
16524
16529
16543
16583
16678
16687
16726
17039
17106
17147
17381
17405
17434
17499
17526
17552
17570
17927
17970
18081
18188
18282
18450
18596
18608
18652
18677
18746
18812
19050
19072
19325
19460
19875
19904
19918
20058
20322
20372
20394
20417
20417
20660
20948
21203
21250
21380
21501
21520
21532
21626
21631
21845
21923
22618
22642
22671
22726
22743
22748
22755
22755
22876
22897
23128
23289
23348
23537
23629
23725
23879
23893
23985
24066
24112
24197
24216
24374
24561
24587
24756
24818
25058
25086
25093
25314
25416
25469
25555
25665
25731
25838
25892
25931
25937
25966
26062
26450
26488
26735
26793
26818
27089
27153
27228
27313
27332
27369
27622
27685
27817
27925
28088
28140
28211
28298
28457
28651
28737
28767
28841
29161
29265
29305
29380
29406
29456
29535
29594
29596
29606
29700
29874
29890
29991
30228
30250
30382
30392
30521
30740
30755
30916
30983
31033
31282
31369
31409
31607
31622
31793
31904
31962
32056
32295
32450
32471
32581
32623
32638
32701
32777
32790
33180
33216
33246
33579
33778
33782
33920
34235
34316
34420
34637
34807
35309
35506
35525
35829
35897
36033
36179
36242
36313
36489
36489
36509
36530
36632
36663
37054
37188
37239
37436
37455
37487
37673
37676
37733
37851
37868
37892
38009
38038
38271
38311
38366
38369
38397
38471
38620
38680
38835
38866
38953
39032
39037
39163
39278
39332
39369
39393
39409
39460
39483
39516
39611
39618
39650
39795
39820
39954
40086
40304
40458
40468
40642
40990
41002
41051
41122
41205
41321
41683
41777
41928
42111
42239
42312
42375
42547
42589
42629
42964
43033
43091
43271
43536
43711
43774
43796
43877
44353
44458
44528
44691
44751
44995
45045
45074
45221
45301
45512
45655
45674
45718
45763
46229
46275
46290
46312
46316
46595
46611
46692
46735
46758
46766
46807
46818
46953
47008
47049
47210
47220
47514
47538
47685
47706
47851
47983
48069
48141
48255
48261
48265
48333
48385
48470
48525
48528
48764
49054
49083
49221
49679
49831
49918
49948
50056
50058
50130
50137
50142
50168
50188
50310
50311
50389
50732
50866
50966
50972
50989
51321
51549
51583
51617
51708
51731
51803
51899
51982
52105
52113
52233
52386
52458
52463
52689
52770
52901
52944
53052
53062
53094
53111
53225
53234
53383
53650
53651
53656
53659
53676
53712
53795
53837
53876
54035
54069
54078
54089
54222
54272
54308
54435
54542
54575
54621
54625
54655
54686
54871
55109
55199
55265
55424
55613
55798
55977
56135
56244
56256
56263
56398
56440
56451
56522
56533
56540
56637
56645
56664
56730
56805
56815
57091
57213
57222
57237
57255
57342
57437
57817
57853
57904
57959
57974
57977
57985
57995
58152
58271
58473
58520
58785
58854
58911
58941
58947
59274
59275
59332
59454
59658
59770
60015
60082
60233
60235
60302
60370
60432
60479
60487
60740
61140
61437
61502
61522
61596
61772
61855
61871
61892
61893
61943
62239
62274
62320
62507
62654
62710
62761
62775
62987
63200
63270
63651
63774
64020
64047
64104
64240
64477
64605
64656
64670
64733
64767
65051
65119
65773
65819
65838
66055
66078
66282
66489
66888
67023
67215
67246
67320
67503
67785
68012
68127
68358
68365
68382
68659
68694
68745
68815
68899
68999
69028
69177
69287
69340
69408
69600
69658
69781
69881
70071
70292
70306
70550
70593
70804
70809
70828
70842
70977
71091
71270
71428
71428
71442
71634
71708
71823
71826
71835
72168
72280
72283
72330
72370
72513
72636
72644
72876
72964
72982
73021
73040
73127
73169
73257
73431
73434
73552
73569
73621
73804
73901
73904
74040
74067
74075
74189
74412
74714
74845
74869
75060
75129
75189
75201
75243
75262
75484
75673
75683
75908
76135
76231
76248
76336
76416
76495
76659
76681
76768
76780
76783
76813
77058
77221
77232
77268
77290
77406
77583
77634
77766
77805
77826
77884
77917
78041
78068
78146
78321
78356
78483
78755
79030
79325
79349
79380
79415
79438
79619
79658
79783
80305
80371
80386
80420
80461
80596
80664
80801
80848
81131
81182
81400
81433
81439
81522
81601
81870
81893
81951
81958
81977
82012
82553
82569
82645
82718
82851
82894
82935
83027
83060
83181
83240
83248
83769
83869
83895
84102
84155
84205
84231
84461
84696
84816
84849
84865
84888
84942
85006
85062
85066
85127
85152
85207
85258
85280
85580
85694
85768
86108
86188
86278
86342
86360
86372
86387
86420
86433
86615
86620
86622
86860
87130
87423
87434
87847
87938
87945
88198
88231
88343
88413
88680
88708
88788
88818
88873
88975
89008
89119
89691
89712
89833
89978
90020
90021
90032
90064
90069
90081
90088
90178
90187
90219
90300
90367
90501
90527
90589
90784
90961
91145
91187
91442
91601
91697
91713
91774
91807
91811
91820
91887
91993
92067
92106
92187
92283
92361
92426
92590
92714
92723
92791
92836
92901
92993
93259
93535
93857
93918
94027
94098
94326
94337
94578
94742
94896
95155
95219
95238
95351
95390
95451
95550
95663
95695
95808
95912
95915
95922
96143
96154
96167
96185
96246
96329
96345
96445
96551
96616
96693
96782
96803
96816
96839
96972
96987
97097
97128
97210
97340
97441
97441
97447
97517
97564
97665
97710
97937
97948
97961
98021
98107
98201
98342
98360
98439
98682
98698
98714
98754
98807
98958
99017
99059
99102
99115
99121
99147
99189
99254
99287
99295
99331
99507
99541
99565
99598
99721
100081
100151
100188
100227
100431
100434
100517
100544
100684
100699
100736
100746
101016
101063
101075
101164
101243
101469
101705
101739
101775
102012
102040
102059
102411
102412
102455
102538
102581
102610
102787
102851
102936
103004
103038
103045
103050
103262
103408
103564
103753
103884
103931
104104
104104
104186
104346
104349
104414
104434
104501
104557
104608
104673
104716
104721
104757
104769
105294
105357
105364
105390
105424
105457
105472
105522
105525
105594
105789
105824
105904
105938
105946
106008
106094
106410
106522
106547
106583
106749
106817
106831
106844
107039
107082
107261
107582
107590
107642
107680
107796
107867
107915
107927
108090
108194
108276
108350
108553
108604
108693
108766
108878
108912
108919
109027
109080
109257
109331
109410
109437
109479
109509
109583
109585
109651
109679
109764
109785
109868
109976
110004
110037
110194
110212
110287
110292
110337
110486
110507
110642
110836
110956
111013
111135
111193
111293
111327
111449
111584
111604
111699
111883
112089
112174
112284
112328
112380
112403
112438
112448
112652
112709
112716
112723
112747
112763
112816
112938
113004
113069
113126
113351
113491
113592
113621
113649
113669
113678
113777
113907
113998
114161
114174
114489
114533
114563
114581
115024
115113
115198
115428
115591
115654
115796
116065
116182
116201
116365
116388
116511
116552
116586
116720
116755
116863
117016
117272
117359
117367
117370
117393
117571
117627
117773
117810
117955
118068
118070
118125
118148
118465
118485
118508
118532
118545
118565
118590
118592
119001
119004
119181
119208
119425
119475
119608
119724
119840
119978
119994
120051
120231
120297
120418
120460
120460
120610
120640
120687
120775
120871
120922
120962
121247
121408
121516
121536
121594
121659
121701
121761
121821
121966
122115
122208
122346
122502
122542
122559
122611
122743
122831
122875
123033
123080
123101
123235
123251
123320
123437
123474
123474
123630
123721
123808
123862
123911
123933
124069
124099
124162
124209
124225
124441
124443
124733
124830
124891
124915
124987
125001
125031
125304
125477
125877
125896
125958
126055
126057
126146
126218
126277
126321
126363
126375
126427
126451
126522
126550
126629
126675
126699
126725
126854
126997
127080
127373
127436
127450
127499
127575
127597
127955
128073
128317
128346
128399
128571
128608
128769
129190
129216
129231
129292
129514
129604
129757
129854
129990
130047
130154
130186
130243
130303
130343
130456
130562
130575
130641
130653
130684
130754
130983
130989
131176
131289
131365
131413
131553
131586
131638
131817
131938
132193
132222
132259
132338
132704
132750
133081
133103
133511
133563
133642
133661
133675
134069
134272
134475
134566
134825
134855
134995
135002
135028
135277
135594
135651
135716
135776
135849
135854
135880
136033
136105
136231
136352
136365
136380
136385
136423
136555
136574
136623
137074
137079
137172
137295
137302
137413
137592
137778
137954
137987
137999
138146
138387
138428
138743
138801
138814
138829
138908
138912
138918
138919
138965
139243
139244
139488
139586
139636
139639
139665
139919
140004
140157
140159
140204
140320
140483
140639
140728
140749
140787
141037
141343
141346
141430
141505
141678
141790
141940
142236
142397
142799
143004
143115
143131
143163
143330
143372
143440
143667
144003
144082
144779
144878
144887
144970
145021
145109
145215
145402
145532
145697
145698
145746
145845
145893
145983
146373
146422
146586
146834
146955
147013
147111
147168
147233
147322
147413
147460
147471
147564
147641
147685
147859
147893
147951
148033
148126
148255
148516
148703
148725
148821
148903
149001
149124
149230
149292
149525
149578
149784
149922
149954
150013
150252
150278
150529
150577
150886
150956
151034
151109
151133
151287
151299
151415
151523
151655
151661
151828
151898
151972
151972
151992
152063
152107
152165
152214
152563
152685
152723
152777
152857
152948
153015
153020
153202
153281
153282
153460
153487
153573
153573
153728
153790
153896
154016
154045
154086
154245
154276
154493
154602
154774
154784
154790
154811
154814
155070
155078
155099
155138
155241
155285
155362
155375
155458
155618
156128
156237
156241
156249
156322
156340
156404
156615
156897
157004
157295
157473
157475
157594
157752
157764
157872
157895
158129
158455
158534
158626
158644
158684
158805
158810
158825
158971
159176
159251
159286
159319
159580
159594
159762
159941
159979
159986
160054
160066
160122
160142
160160
160238
160254
160303
160408
160504
160627
160868
160923
161020
161160
161310
161348
161358
161495
161711
161762
161765
161895
162023
162333
162561
162682
162745
162807
162820
163245
163437
163478
163500
163604
163624
163815
163897
163945
164020
164095
164142
164375
164444
164601
164738
164738
164847
164972
165124
165317
165349
165356
165382
165496
165507
165509
165633
165819
165832
166135
166142
166185
166205
166274
166355
166376
166385
166441
166458
166709
166753
166959
167039
167065
167204
167246
167283
167286
167323
167378
167590
167712
167977
168196
168199
168523
168532
168706
168838
168924
169683
169701
169724
170023
170100
170213
170243
170267
170371
170409
170581
170868
170982
170996
171045
171138
171153
171271
171275
171276
171327
171526
171614
171658
171826
172039
172039
172102
172371
173137
173198
173240
173264
173386
173387
173405
173627
173632
173639
173751
173760
173839
173901
174069
174150
174189
174234
174281
174549
174607
174717
174940
174970
175013
175062
175145
175296
175464
175474
175610
175766
175785
175891
175942
175965
176076
176145
176168
176195
176335
176482
176556
176603
176632
176657
176676
176852
176853
176886
176897
176897
176905
176965
176997
177065
177107
177181
177353
177472
177600
177657
177660
177680
177762
177772
178161
178318
178358
178432
178534
178799
178859
178997
179077
179316
179605
179647
179657
179750
179922
179961
180320
180479
180543
180555
180598
180764
180879
181091
181701
181771
181787
181799
181849
182066
182449
182450
182493
182509
182536
182742
182773
182894
182960
183008
183065
183167
183407
183509
183753
183798
183822
183928
183975
184079
184285
184303
184442
184483
184500
184686
184772
184845
185285
185448
185653
185754
185830
185842
185997
186060
186194
186216
186269
186386
186413
186520
186523
186536
186585
186588
186738
186844
186920
186953
186975
187039
187871
187938
188052
188102
188131
188132
188234
188250
188276
188334
188504
188591
188614
188747
188813
188898
189177
189311
189350
189357
189373
189427
189708
189729
189760
189816
190001
190112
190318
190448
190745
190785
190830
190844
190946
191091
191214
191248
191273
191276
191455
191485
191582
191672
191754
191834
191869
191893
191919
192254
192281
192457
192494
192562
192595
192763
192793
192799
192936
193162
193186
193200
193226
193289
193383
193658
193681
193780
193853
193859
194022
194306
194513
194617
194694
194880
194949
195061
195085
195183
195200
195271
195326
195326
195330
195391
195412
195486
195567
195804
195926
196036
196098
196486
196497
196539
196609
196713
197021
197024
197053
197112
197122
197186
197334
197335
197382
197528
197542
197543
197750
197998
198138
198163
198215
198221
198249
198376
198428
198479
198514
198843
198843
198870
198978
199271
199628
199644
199648
199674
199760
199815
199829
199862
199875
199992
200158
200206
200273
200274
200403
200441
200576
200633
200658
200674
200787
200845
200877
200917
200976
200996
201079
201123
201145
201179
201518
201741
201791
201895
202365
202374
202377
202421
202431
202486
202576
202577
202591
202801
202819
202983
203032
203108
203115
203120
203144
203239
203336
203459
203571
203601
203687
203743
204140
204176
204258
204332
204383
204617
204779
204893
204911
204922
204957
205008
205053
205199
205303
205317
205407
205547
205696
205804
205824
205927
206070
206088
206487
206632
206754
206782
206870
206995
207025
207241
207267
207313
207406
207449
207486
207841
208045
208131
208239
208367
208609
208806
208806
208961
208993
209224
209372
209485
209533
209732
209808
209823
209880
209959
210106
210122
210238
210278
210377
210521
210557
210755
210851
211005
211020
211061
211098
211111
211122
211295
211346
211419
211456
211468
211496
211598
211696
211771
211830
211895
211924
212130
212273
212349
212413
212465
212468
212555
212629
212778
213577
213584
213689
213751
214389
214525
214710
214714
214809
214951
215070
215144
215190
215283
215454
215579
215604
215758
215880
215953
215980
216338
216380
216457
216521
216837
216980
217012
217068
217121
217198
217240
217402
217663
217754
217796
217838
217838
217935
218021
218087
218230
218381
218479
218517
218585
218647
218872
218964
218966
219227
219296
219400
219530
219537
219565
219617
219649
219796
219856
220280
220339
220434
220466
220487
220915
221006
221029
221034
221073
221220
221221
221383
221459
221492
221595
221740
221748
221844
222094
222112
222208
222307
222312
222389
222437
222534
222633
222970
223083
223188
223302
223399
223480
223696
223719
224005
224019
224222
224244
224249
224426
224436
224624
224659
224806
224813
224984
225144
225196
225211
225253
225268
225323
225344
225362
225542
225611
225698
225805
225876
226091
226096
226195
226291
226332
226351
226363
226512
226580
226658
226738
226791
226860
227047
227082
227205
227426
227527
227586
227678
227827
228071
228400
228485
228544
228686
228692
228756
228982
229094
229134
229180
229389
229711
229717
229936
229962
229964
230116
230177
230251
230256
230381
230502
230668
230732
230755
230792
230829
231001
231003
231185
231209
231427
231625
231747
231842
232007
232159
232213
232423
232453
232773
232802
232874
232952
233071
233121
233220
233231
233342
233390
233480
233588
233924
233987
234258
234336
234345
234360
234368
234623
234643
234673
234744
234793
234838
234897
235168
235235
235248
235251
235268
235311
235356
235464
235588
235681
235769
235949
236027
236034
236044
236075
236163
236241
236290
236294
236310
236416
236432
236448
236538
236608
236650
236660
236896
237252
237369
237449
237676
237685
237864
237892
237937
237939
238020
238037
238091
238287
238347
238356
238370
238731
238773
238791
238931
238955
239003
239010
239240
239539
239595
239693
239749
239770
239884
240054
240060
240099
240469
240554
240921
240982
241006
241044
241078
241235
241315
241357
241416
241722
241781
241838
241840
241857
241865
242061
242339
242479
242493
242573
242603
242650
242670
242711
242750
242856
243055
243155
243326
243496
243608
243684
243871
243916
244200
244256
244272
244457
244583
244609
244648
244855
244874
244921
244967
245120
245345
245356
245367
245371
245382
245587
245726
245779
246002
246090
246193
246267
246339
246404
246412
246426
246577
246663
246677
247155
247201
247281
247318
247460
247964
248061
248445
248523
248636
248654
248789
248866
249229
249312
249420
249438
249467
249489
249562
249603
249609
249631
249778
249831
249937
250088
250142
250146
250182
250191
250267
250273
250476
250477
250569
250990
251001
251128
251129
251196
251261
251360
251624
251746
251979
252096
252102
252106
252114
252282
252380
252517
252769
252888
252919
252970
253037
253159
253216
253334
253435
253453
253665
253774
253926
254418
254426
254619
254835
254864
254931
254994
254999
255050
255083
255262
255330
255403
256004
256158
256528
256638
256704
256980
257017
257231
257318
257607
257723
257729
257800
257835
257909
257915
257935
258316
258422
258598
258658
258784
258881
259116
259281
259419
259525
259544
259749
259754
260056
260105
260121
260273
260277
260411
260423
260750
260891
261233
261236
261239
261280
261286
261312
261388
261468
261616
261686
261697
261825
261844
261999
262000
262174
262243
262252
262424
262437
262513
262770
262818
263010
263171
263208
263316
263330
263374
263427
263428
263446
263603
263642
263652
263753
263984
263995
263996
264125
264127
264208
264225
264287
264322
264360
264376
264642
264693
264722
264793
265009
265185
265505
265622
265703
265837
265886
265923
266132
266143
266152
266180
266214
266224
266253
266309
266500
266540
266559
266704
266879
267023
267148
267320
267358
267610
267677
267900
268261
268311
268352
268384
268475
268718
268797
268826
268963
269471
269482
269503
269571
269664
269795
269882
269961
269970
270129
270142
270154
270209
270392
270473
270563
270614
270634
270999
271067
271242
271261
271269
271296
271319
271406
271724
271824
271949
271966
271994
272011
272016
272044
272185
272203
272292
272431
272742
272750
273074
273197
273252
273285
273483
273499
273524
273533
273535
273700
273905
274160
274974
275069
275117
275196
275327
275433
275483
275487
275545
275748
275813
275890
275919
275944
275969
275993
276011
276110
276118
276206
276223
276259
276460
276480
276491
276542
276556
276563
276676
276897
277049
277049
277108
277111
277282
277302
277368
277713
277727
277773
277830
278079
278421
278443
278496
278647
278795
278811
278863
278963
278977
279103
279186
279213
279412
279424
279531
279656
279729
279738
279821
279972
280168
280300
280448
280586
280708
280721
280743
280785
280878
280887
280906
280913
280979
280995
281017
281020
281612
281656
281672
281771
281988
282005
282013
282097
282150
282222
282381
282390
282589
282712
282726
282778
282825
282931
282956
283138
283183
283199
283253
283424
283446
283476
283543
283586
283635
283709
283747
283865
283971
284030
284055
284074
284087
284113
284164
284212
284371
284451
284504
284521
284527
284646
284724
284982
285187
285208
285325
285395
285457
285494
285554
285573
285605
285753
285759
285760
285933
285978
285981
286098
286115
286148
286222
286325
286373
286444
286526
286583
286780
286824
286953
287009
287240
287370
287375
287383
287419
287455
287518
287665
287727
287763
287802
287844
287872
287892
288019
288177
288179
288277
288279
288372
288452
288747
288757
288867
288871
288959
289139
289190
289222
289246
289291
289313
289506
289583
289836
289878
289953
290063
290199
290293
290396
290488
290491
290799
290836
290836
291088
291131
291393
291435
291483
291524
291703
291742
291754
292212
292254
292322
292346
292676
292852
292899
293136
293210
293235
293328
293435
293705
293846
293861
293870
293912
293964
293998
294122
294150
294200
294296
294364
294420
294704
294736
294789
294888
295187
295431
295521
295645
296063
296314
296365
296399
296410
296444
296770
296826
296988
297230
297507
297540
297545
297628
297790
297944
297999
298069
298090
298121
298162
298188
298234
298337
298369
298538
298615
298775
299052
299084
299092
299142
299189
299203
299273
299480
299728
299760
299785
299833
299920
300248
300285
300332
300575
300721
300738
300819
300882
301105
301116
301421
301655
301815
301918
302006
302020
302053
302239
302256
302314
302339
302410
302470
302605
302688
303172
303193
303198
303274
303390
303420
303514
303769
303818
303970
304198
304327
304329
304434
304466
304826
304903
304909
305018
305037
305112
305298
305333
305359
305412
305702
305794
305933
305991
306029
306039
306210
306461
306548
306662
306716
306779
306936
306971
306992
307144
307218
307399
307435
307552
307595
307666
307914
308170
308211
308438
308682
308713
308778
308825
309062
309525
309550
309618
309690
309761
309793
310105
310141
310167
310324
310424
310499
310619
310765
310779
311021
311043
311176
311183
311192
311320
311511
311558
311670
311760
311805
311856
311884
311887
311953
312035
312108
312438
312610
312634
312685
312767
312774
312806
312925
312929
313378
313422
313495
313529
313596
313596
313910
314070
314151
314262
314419
314685
314860
315184
315226
315339
315381
315408
315475
315504
315710
315760
315760
316091
316275
316297
316540
316574
316622
316638
316725
317109
317232
317400
317537
317555
317558
317638
317668
317670
317842
317850
317857
317864
317874
317937
318067
318387
318657
318689
318751
318814
318829
319122
319136
319205
319274
319378
319418
319503
319538
319553
319633
319680
319749
319755
319841
319875
320085
320086
320088
320207
320243
320328
320579
320665
320706
320943
321101
321301
321373
321515
321522
321955
321987
322349
322492
322577
322632
322674
323564
323646
324016
324057
324144
324162
324170
324213
324429
324431
324690
324693
324694
324903
325289
325312
325515
325695
325711
325716
325834
325851
325935
325936
325994
326021
326033
326155
326159
326197
326244
326333
326434
326447
326525
326641
326683
326698
326717
326736
326837
326863
326866
326871
326966
327003
327095
327124
327125
327241
327419
327535
327558
327577
327647
327721
327907
328007
328093
328394
328549
328571
328698
328979
329052
329060
329085
329229
329273
329515
329767
329949
330020
330476
330494
330498
330529
330596
330614
330784
330909
331107
331177
331193
331276
331311
331343
331507
331611
331626
332209
332438
332517
332635
332699
332782
332903
332922
333000
333032
333142
333197
333209
333443
333495
333518
333653
333655
333845
333946
334014
334067
334146
334150
334326
334522
334602
334629
334761
334807
334959
335095
335120
335120
335139
335281
335810
335887
335915
336014
336032
336049
336060
336062
336063
336200
336567
336813
337240
337339
337362
337481
337541
337546
337581
337618
337779
337875
337957
337971
338052
338128
338220
338237
338257
338378
338395
338464
338594
338671
338715
339164
339214
339297
339380
339450
339493
339504
339700
339727
339767
339857
340001
340013
340055
340147
340254
340321
340352
340458
340692
340849
340910
340992
341157
341238
341243
341258
341424
341542
342017
342051
342281
342313
342324
342402
342519
342708
343161
343165
343429
343686
343870
344060
344320
344464
344593
344634
344825
344860
344885
344930
344930
344931
345146
345201
345212
345374
345418
345419
345486
345730
345814
345921
345993
346154
346342
346494
346538
346551
346698
346712
346909
346963
347166
347175
347377
347399
347496
347583
347643
347691
347701
347968
348005
348128
348308
348495
348554
348717
349013
349180
349354
349469
349482
349576
349835
349892
349980
350019
350086
350119
350141
350301
350375
350537
350646
350776
350861
350974
351005
351498
351553
351703
351719
351729
351772
352126
352156
352157
352306
352407
352624
352770
352774
352799
352811
352922
353047
353284
353530
353589
353606
353909
353947
354014
354084
354103
354190
354224
354344
354367
354377
354488
354663
354811
354835
354951
355065
355137
355172
355178
355334
355349
355575
355585
355601
355888
355928
356205
356207
356295
356304
356422
356650
356741
356872
357234
357484
357533
357717
357742
357888
358025
358307
358536
358590
358937
359115
359131
359346
359363
359382
359408
359425
359541
359657
359862
360012
360014
360042
360064
360092
360301
360345
360369
360379
360386
360421
360438
360642
360745
360753
361015
361262
361398
361410
361442
361452
361590
361617
361662
362223
362332
362389
362625
362625
362653
362912
362970
362981
363158
363217
363287
363330
363473
363615
363838
363840
364279
364358
364464
364468
364641
364653
364688
364769
364896
364907
365035
365046
365122
365135
365149
365176
365257
365661
365665
365744
366221
366228
366252
366671
366744
366773
367169
367265
367575
367614
367725
367845
367874
368019
368147
368248
368249
368249
368316
368383
368426
368440
368492
368557
368698
368815
368833
368904
368917
368961
369076
369228
369331
369374
369378
369498
369589
369682
369718
369810
369865
369944
370098
370166
370242
370322
370564
371061
371090
371310
371350
371351
371359
371444
371486
371575
371769
371791
371830
371934
372028
372141
372254
372272
372311
372407
372452
372496
372599
372704
372800
372912
372920
373021
373075
373078
373165
373320
373358
373690
373895
373907
373967
373979
373995
374182
374248
374963
374970
375227
375298
375487
375602
375687
375690
375693
375814
375857
375933
375935
376021
376148
376181
376527
376601
376602
376661
376905
377124
377138
377237
377237
377411
377520
377548
377605
377829
377834
377865
377975
378088
378090
378269
378286
378345
378438
378835
378856
378884
378884
379193
379196
379345
379467
379470
379508
379623
379737
380244
380257
380325
380570
381382
381384
381761
381848
381942
381942
381979
382037
382105
382236
382404
382471
382473
382548
382570
382608
382837
382996
383133
383271
383286
383384
383467
383503
383633
383645
383708
383835
383876
384061
384104
384150
384337
384393
384495
384632
384877
384923
385170
385269
385353
385482
385512
385602
385633
385672
385877
385925
385956
386072
386229
386311
386354
386392
386513
386720
386734
386762
386808
386845
386912
387007
387040
387060
387109
387215
387297
387573
387749
387764
387834
387836
388053
388060
388129
388255
388282
388367
388514
388533
388692
388707
388756
388883
389046
389136
389144
389781
389823
389933
390017
390067
390127
390147
390341
390971
390976
391061
391084
391320
391455
391503
391506
391716
391771
391808
391815
392161
392247
392407
392618
392719
392793
392877
392931
393026
393053
393088
393263
393343
393384
393575
393746
393813
393926
394028
394078
394263
394305
394336
394364
394385
394436
394549
394559
394564
394566
394648
394692
394709
394953
394979
394998
395059
395313
395603
395608
395737
395799
395851
395868
395930
396073
396086
396465
396518
396658
397001
397030
397045
397128
397233
397479
397697
397852
397870
398037
398286
398343
398351
398510
398537
398547
398648
398761
398781
398816
398986
399017
399062
399067
399391
399433
399629
399828
399867
399927
400360
400458
400473
400532
400543
401009
401144
401241
401275
401408
401767
401930
401940
401971
401994
401996
402358
402416
402455
402501
402568
402608
402798
402924
402927
402961
402989
403021
403039
403086
403107
403157
403195
403347
403492
403538
403635
403792
403924
403966
403987
404055
404453
404466
404491
404515
404572
404738
404794
405022
405039
405070
405112
405130
405211
405275
405440
405609
405719
405753
405850
405893
406001
406210
406228
406285
406695
406929
406936
407058
407183
407414
407445
407476
407487
407508
407534
407607
407701
407774
407778
407800
408147
408155
408324
408513
408550
408561
408625
408927
408968
408981
409002
409038
409077
409138
409251
409389
409438
409517
409578
409711
409773
409824
410017
410073
410235
410400
410528
410558
410563
410570
410657
410773
410884
410903
410937
411065
411112
411265
411414
411435
411554
411563
411642
411697
411709
411783
411784
411798
411803
411892
411975
412137
412180
412191
412264
412273
412320
412353
412665
412853
412918
412953
413018
413450
413606
413702
413831
414497
414578
414729
415054
415060
415141
415284
415288
415372
415470
415480
415638
415737
415758
415800
415856
416197
416327
416491
416523
416549
416842
416869
416938
417062
417126
417200
417211
417273
417439
417451
417598
417601
417938
417970
418079
418143
418200
418227
418413
418559
418570
418690
418749
418818
418934
418985
419052
419085
419409
419558
419714
419815
419947
419970
420294
420347
420410
420415
420686
420811
421017
421253
421258
421283
421297
421299
421391
421544
421633
421656
421743
421848
421930
421931
421970
421990
422051
422072
422110
422246
422327
422389
422473
422524
422564
422654
422691
422840
422888
422979
423012
423064
423123
423350
423459
423517
423536
423629
423724
423942
423957
424120
424231
424323
424331
424612
424696
424851
424864
424965
425083
425399
425431
425599
425699
425728
425825
425956
426001
426134
426142
426168
426212
426281
426590
426604
426616
426678
426723
426909
427343
427530
427609
427611
427962
428323
428545
428663
428670
428682
428692
428837
428871
429001
429088
429107
429318
429343
429408
429608
429664
429764
429807
429940
430096
430135
430214
430282
430470
430578
430590
430824
430952
431085
431117
431121
431218
431223
431356
431805
431913
431931
432298
432335
432390
432459
432494
432524
432569
432684
432707
432734
432738
433057
433076
433224
433270
433306
433371
433836
433880
433883
433985
434007
434230
434242
434330
434383
434493
434511
434540
434747
434850
434911
434944
434969
435055
435309
435373
435637
435727
435885
435911
436116
436685
436843
437062
437194
437224
437238
437264
437271
437303
437344
437701
437840
437886
437979
438262
438416
438589
438692
438704
438796
438850
438969
439081
439165
439322
439345
439415
439522
439692
439723
440045
440051
440124
440184
440227
440277
440553
440562
440879
440964
441070
441127
441181
441492
441760
441772
441795
441841
441879
441973
442180
442261
442267
442307
442388
442712
442956
443343
443347
443383
443405
443436
443438
443578
443661
443710
443720
443756
443854
443931
444113
444129
444309
444379
444410
444956
445070
445198
445406
445784
445796
445913
445973
446270
446387
446389
446878
446940
447223
447287
447297
447368
447496
447514
447622
447642
447660
447731
447734
447884
448149
448256
448260
448413
448444
448532
448559
448647
448762
448785
449349
449359
449453
449602
449609
449616
449701
449764
449785
449937
450142
450200
450207
450293
450436
450462
450550
450615
450805
451679
451704
451788
451853
451870
451886
451889
451921
451928
451947
451955
452033
452093
452180
452515
452542
452577
452690
452811
452917
452966
453193
453211
453308
453328
453483
453528
453611
453750
453855
454029
454163
454353
454452
454500
454563
454610
454774
454783
454878
454908
454990
455147
455176
455358
455385
455407
455448
455500
455657
455939
455996
456030
456180
456356
456360
456368
456502
456657
456658
456737
456888
457205
457229
457367
457411
457458
457467
457534
457556
457729
457796
457871
458161
458171
458333
458481
458540
458568
458727
458744
458928
459050
459111
459369
459548
459796
459896
459901
460121
460142
460223
460307
460321
460507
460641
460789
460835
460874
461027
461078
461119
461209
461221
461312
461457
461460
461516
461684
461753
462284
462287
462320
462378
462390
462416
462498
462682
462852
462951
462960
463046
463053
463250
463257
463294
463510
463572
463621
463637
463640
463640
463676
463911
464009
464088
464135
464153
464234
464259
464488
464585
464588
464699
464734
464775
464792
464830
464841
464887
465034
465100
465107
465125
465149
465207
465367
465371
465386
465394
465508
465557
465702
465714
465854
465859
465881
465957
466081
466226
466226
466232
466506
466584
466596
466603
466657
466662
466720
466757
466780
466902
466902
466903
466962
467360
467454
467771
467885
468053
468073
468224
468341
468471
468731
468752
468813
468917
469164
469166
469258
469290
469538
469595
469736
469824
469869
469896
469948
470183
470201
470580
470632
470643
470696
470821
470839
470927
470949
471168
471334
471448
471691
471941
471974
472019
472215
472311
472333
472340
472347
472426
472824
472920
473002
473042
473105
473227
473297
473327
473388
473477
473517
473541
473592
473608
473686
473720
473852
473884
474231
474523
474600
475043
475090
475109
475345
475359
475485
475611
475917
475951
476176
476210
476291
476555
476585
476588
476610
476888
477056
477201
477233
477387
477492
477615
477901
477906
477925
477966
478010
478176
478185
478602
478611
478620
478749
478762
478769
479549
479560
479724
479902
479955
480018
480430
480494
480554
480562
480629
480653
480746
480815
480866
480888
480943
481239
481351
481364
481603
481765
481774
481816
482127
482142
482209
482334
482347
482348
482358
482409
482430
482487
482575
482987
483301
483302
483303
483361
483378
483443
483495
483539
483610
483651
483703
483722
483728
483822
483864
484129
484174
484264
484318
484335
484478
484692
484895
484907
484981
485021
485025
485041
485087
485089
485149
485337
485482
485870
485983
486133
486332
486371
486393
486454
486510
486553
486792
486793
486856
486914
486915
486948
486990
487034
487086
487091
487151
487253
487357
487545
487568
487734
487764
487817
487835
488070
488161
488285
488374
488378
488412
488688
488773
488828
488911
488942
488979
489040
489284
489399
489739
489957
490133
490167
490292
490306
490327
490389
490544
490546
490661
490850
490875
490951
490964
491035
491096
491382
491425
491481
491573
491646
491752
491930
492000
492033
492213
492223
492268
492428
492714
492748
492852
492959
493183
493259
493265
493266
493337
493590
493659
493689
493777
493963
494272
494432
494468
494488
494716
494721
494842
495093
495114
495342
495361
495429
495623
495707
495800
495865
495919
495927
495959
495973
496044
496061
496079
496094
496240
496324
496444
496558
496573
496649
496770
496817
496834
497006
497028
497091
497114
497226
497310
497393
497410
497435
497529
497615
497819
498093
498251
498366
498376
498522
498554
498585
498803
499091
499095
499266
499516
499522
499602
499714
499723
500037
500042
500070
500113
500117
500161
500201
500763
500780
500796
500812
501203
501354
501397
501679
501734
501777
501779
501882
502075
502148
502237
502589
502609
502795
502992
502998
503142
503384
503390
503486
503496
503505
503553
503634
503656
503701
503929
504032
504065
504164
504378
504527
504974
505081
505162
505352
505479
505526
505531
505689
505730
505769
505815
505846
505865
505981
506066
506138
506220
506411
506438
506455
506480
506522
506554
506676
506912
506928
506930
507075
507096
507160
507247
507374
507511
507852
507857
507935
507962
508015
508220
508266
508702
508942
508999
509029
509208
509345
509359
509380
509381
509414
509451
509557
509640
509678
509772
509963
510060
510297
510498
510604
510623
510774
510817
510951
510972
511171
511382
511411
511654
511745
511930
511974
512134
512154
512326
512361
512565
512607
513381
513430
513549
513704
513740
513763
513898
513911
514276
514287
514368
514420
514420
514658
514700
514840
515286
515756
515837
515855
516036
516105
516181
516183
516255
516544
516545
516780
516811
517006
517027
517130
517202
517207
517220
517309
517414
517547
517572
517609
517643
517699
517800
517922
518147
518344
518422
518503
518655
519213
519226
519237
519256
519292
519322
519377
519411
519452
519570
519716
519748
519986
520212
520247
520296
520508
520536
520723
520828
520832
520855
520856
520895
520934
521010
521027
521075
521176
521303
521341
521399
521445
521652
521689
521862
521894
522106
522561
522589
522621
522784
522811
522831
523093
523235
523346
523389
523432
523448
523804
523835
524192
524284
524310
524479
524525
524536
524543
524812
524820
524855
524895
524913
525066
525327
525421
525495
525564
525809
525837
526024
526056
526220
526263
526293
526434
526450
526534
526540
526615
526783
526930
526983
527098
527112
527177
527213
527223
527223
527256
527451
527633
527856
527886
527926
528063
528140
528174
528224
528283
528297
528424
528757
528780
528863
529032
529050
529162
529364
529392
529424
529431
529482
529624
529643
529722
529748
529887
529979
530083
530158
530226
530283
530473
530567
530638
530726
530788
530934
531161
531238
531322
531470
531482
531573
531683
532232
532264
532274
532596
532615
532632
532657
532866
532887
532936
532950
533280
533524
533555
533579
533825
533842
533858
533910
534024
534048
534076
534298
534638
534729
534748
534981
535054
535082
535147
535177
535451
535483
535486
535500
535648
535693
535829
535859
535974
536032
536073
536135
536250
536408
536536
536548
536780
536873
536904
536920
536995
537134
537182
537206
537233
537292
537394
537403
537448
537657
537804
537914
537980
538150
538159
538336
538618
538647
538723
538789
538790
538861
538929
539215
539325
539523
539543
539580
539630
539632
539724
539843
539886
540017
540055
540212
540330
540390
540396
540874
541006
541039
541200
541223
541290
541448
541549
541900
541908
541913
541950
542088
542136
542275
542367
542508
542849
543000
543034
543104
543205
543380
543442
543500
543701
543715
543755
543756
543933
543995
544054
544269
544293
544539
544599
544658
544684
544710
544825
544829
544934
545329
545438
545443
545640
545730
545760
545774
546057
546091
546273
546298
546564
546718
546771
547032
547166
547239
547385
547422
547429
547538
547634
547797
547952
547993
548058
548224
548744
548968
549221
549242
549306
549488
549967
550049
550079
550185
550577
550595
550648
550720
550733
550770
550859
550864
550882
550947
551216
551244
551251
551258
551307
551313
551321
551364
551823
551948
551967
552076
552290
552326
552383
552478
552506
552743
553013
553075
553098
553179
553266
553505
553559
553721
553794
553801
553832
553867
553931
553932
553994
554112
554206
554394
554580
554756
554768
554799
554799
554929
555025
555078
555186
555221
555287
555361
555513
555523
555638
555661
556002
556039
556120
556255
556326
556486
556590
556638
556652
556726
556783
556788
556822
556830
556890
556935
556964
556998
557024
557047
557211
557359
557402
557423
557442
557578
557593
557716
557751
557880
557952
558045
558082
558638
558879
558953
558980
559172
559190
559251
559303
559456
559465
559506
559530
559578
559618
559742
559857
559906
560084
560131
560419
560425
560504
560528
560668
560704
560999
561050
561079
561136
561192
561213
561329
561387
561526
561674
561699
561752
561863
561954
562093
562263
562409
562422
562432
562662
562695
562845
563235
563294
563302
563441
563501
563715
563787
563799
563897
563998
564302
564450
564592
564683
564752
565540
565605
565788
565796
565856
565928
565987
566155
566327
566336
566440
566471
566677
566740
566784
566803
566921
566949
567038
567062
567359
567385
567398
567454
567460
567741
567863
567890
568108
568119
568237
568294
568605
568662
568998
569047
569094
569128
569141
569186
569396
569410
569559
569848
569855
569860
570162
570247
570560
570579
570668
570728
570735
570765
570823
570910
571272
571317
571413
571450
571683
571729
572040
572125
572277
572291
572564
572636
572770
572952
572969
572971
572979
573062
573116
573403
573511
573536
573693
573745
573757
573939
574319
574395
574513
574657
574782
574921
574938
575012
575270
575281
575374
575627
575780
575814
576027
576051
576087
576128
576236
576289
576456
576718
576858
576900
577090
577295
577330
577396
577423
577442
577592
577809
577859
578085
578108
578222
578227
578282
578364
578380
578766
578959
578988
578994
579190
579203
579332
579535
579703
579800
579847
579868
579901
580012
580205
580284
580682
580685
580694
580703
581059
581092
581123
581141
581514
581528
581595
581634
581675
581680
582067
582100
582246
582531
582621
582651
582672
582684
582692
582741
582851
583059
583263
583348
583435
583541
583599
583688
583814
583883
583903
583917
583964
584025
584082
584142
584142
584160
584204
584304
584315
584465
584575
584675
584790
584819
584841
584886
585029
585058
585058
585133
585139
585162
585285
585372
585462
585685
585777
585866
585893
586082
586378
586547
586552
586571
586572
586579
586622
586664
586669
586918
587019
587049
587164
587200
587218
587431
587523
587642
587662
587667
587683
587909
587924
588220
588241
588480
588560
588711
588731
588796
588918
589003
589139
589375
589399
589421
589489
589669
589702
589771
589791
589885
590697
590796
590838
590854
590953
591005
591083
591146
591355
591415
591638
591828
592146
592170
592234
592381
592512
592604
592667
592715
592723
592741
592795
592821
592855
593066
593196
593377
593581
593661
593794
593816
593942
593966
594064
594066
594075
594098
594242
594370
594440
594537
594555
594574
594581
594601
594871
594923
594969
595042
595075
595135
595159
595235
595273
595318
595326
595389
595487
595702
595707
595721
595756
595774
595780
595878
596163
596259
596397
596480
596666
596698
597166
597568
597712
597915
598010
598119
598182
598213
598380
598396
598417
598432
598530
598562
598579
598674
598705
598717
598823
598834
598926
598954
599176
599348
599465
599788
599981
599993
600043
600115
600146
600147
600308
600312
600569
600831
600877
600899
600927
600973
601127
601166
601198
601230
601281
601363
601419
601456
601463
601471
601655
601784
601815
601843
602012
602015
602114
602222
602274
602350
602374
602396
602412
602454
602681
602690
602705
602734
602784
602791
603136
603361
603465
603539
603616
603824
604067
604081
604097
604195
604445
604484
604514
604600
604694
604743
604905
605066
605075
605162
605172
605289
605718
605794
605814
605956
605970
606105
606127
606152
606190
606259
606315
606402
606405
606422
606428
606449
607149
607150
607268
607269
607458
607557
607602
607629
607920
608000
608107
608258
608275
608283
608310
608312
608333
608338
608364
608394
608546
608830
608946
609172
609322
609324
609441
609913
610151
610153
610426
610695
610713
610867
611062
611160
611306
611306
611427
611681
611745
611783
611869
611895
611982
612262
612535
612618
612652
612672
612675
612703
612776
612846
612978
613200
613350
613357
613371
613401
613402
613566
613586
613927
614050
614120
614215
614220
614279
614345
614352
614400
614555
614584
614838
614872
614885
614895
614895
615086
615130
615287
615353
615369
615543
615561
615611
615714
615964
616108
616227
616289
616399
616434
616526
616567
616673
616743
616746
616747
616798
616842
616868
616944
616971
617022
617218
617386
617414
617497
617540
617602
617608
617697
617700
617842
617932
618041
618108
618300
618324
618325
618444
618494
618644
618812
618820
618828
618876
618877
618878
619176
619230
619255
619403
619414
619444
619469
619498
619567
619575
619930
620110
620238
620251
620253
620295
620486
620601
620614
620859
621098
621232
621391
621634
621699
621710
621802
621871
621914
622140
622168
622327
622331
622348
622394
622677
622686
622910
622978
623049
623130
623184
623217
623302
623358
623456
623655
623668
623735
623808
623908
624205
624212
624264
624268
624411
624427
624469
624574
624628
624661
624900
624906
625000
625028
625220
625390
625523
625733
625746
625951
626060
626215
626352
626380
626417
626462
626494
626554
626569
626609
626641
626682
626871
626959
626989
627013
627023
627155
627221
627223
627257
627394
627534
627698
627882
627929
627931
628112
628127
628133
628272
628288
628321
628384
628428
628433
628448
628451
628620
628659
628723
628829
629056
629152
629152
629176
629189
629192
629265
629287
629295
629314
629377
629567
629667
629912
629933
630123
630176
630215
630262
630534
630611
630655
631005
631024
631051
631334
631642
631675
631739
631916
631935
632067
632096
632145
632307
632409
632440
632535
632563
632568
632583
632599
632611
632758
632786
632918
633611
633654
633670
633942
633981
634237
634365
634398
634415
634488
634501
634582
634617
634857
634923
635154
635295
635322
635697
635745
635814
635899
635900
636071
636079
636100
636116
636127
636217
636313
636543
636584
636622
636714
636789
636801
637049
637269
637302
637343
637435
637518
637634
637685
637744
637750
637814
637998
638064
638112
638249
638280
638454
638465
638626
638793
638832
638986
639090
639211
639298
639301
639321
639359
639389
639420
639537
639713
639757
639805
639841
639844
639865
639873
639890
639920
640022
640283
640499
640517
640584
640611
640668
640679
640763
640793
640834
640875
640898
640943
641063
641073
641482
641560
641886
642022
642168
642233
642297
642315
642351
642378
642453
642496
642593
642685
642933
642995
643132
643153
643222
643248
643328
643362
643371
643421
643463
643495
643586
643631
643662
644042
644071
644149
644314
644363
644402
644493
644559
644591
644631
644788
644839
645047
645118
645210
645416
645447
645635
645744
645826
645895
645925
645968
646010
646108
646309
646319
646363
646396
646595
646608
646698
646813
646939
646970
647153
647258
647528
647839
647893
647906
648019
648208
648228
648281
648334
648598
648692
648707
648885
648892
649127
649186
649281
649350
649353
649383
649511
650069
650177
650194
650225
650272
650464
650468
650502
650502
650554
650688
650701
650800
650844
651236
651241
651289
651330
651448
651453
651508
651525
651623
651740
651866
652019
652073
652145
652493
652528
652682
652746
652773
652855
652882
652951
652994
653526
653784
653964
653990
654020
654138
654230
654241
654324
654570
654614
654650
655066
655098
655232
655237
655383
655511
655519
655645
655711
655763
655909
656004
656075
656101
656151
656307
656334
656426
656624
656847
656870
657051
657184
657396
657446
657502
657644
657699
657762
658226
658324
658334
658355
658489
658664
658844
658989
659057
659062
659115
659403
659740
659756
659943
660106
660154
660198
660276
660537
660545
660898
660929
660930
661060
661104
661128
661153
661276
661324
662027
662067
662148
662154
662165
662250
662282
662356
662511
662732
662851
662922
663032
663037
663113
663151
663251
663330
663504
663612
663935
664036
664050
664110
664261
664314
664467
664637
664850
664931
665057
665067
665214
665273
665285
665369
665388
665467
665596
665605
665648
665676
665833
665904
665929
666035
666160
666260
666719
666910
666964
666996
667031
667063
667446
667545
667600
667713
667771
667883
667919
668069
668116
668127
668272
668298
668319
668349
668561
668641
668758
668803
669022
669153
669295
669317
669321
669359
669492
669586
669605
669671
669964
670222
670342
670397
670411
670445
670476
670540
670830
671002
671027
671039
671174
671210
671284
671320
671340
671440
671584
671663
671782
671874
671924
672328
672454
672465
672504
672557
672650
673054
673162
673247
673287
673300
673333
673771
673910
673924
674073
674235
674253
674253
674286
674530
674731
674749
674808
674886
674891
675091
675138
675201
675339
675435
675437
675488
675651
675683
675800
675943
675997
676004
676028
676051
676082
676129
676250
676260
676430
676606
676633
676721
676787
677009
677185
677322
677428
677491
677554
677812
677859
677865
677932
678037
678073
678082
678119
678139
678301
678434
678566
678580
678641
678805
679039
679149
679207
679210
679331
679333
679483
679550
679602
679613
679666
679673
679708
679879
679882
679941
679963
680035
680037
680124
680429
680551
680798
681004
681025
681106
681188
681382
681529
681818
682111
682126
682274
682404
682405
682611
682684
682732
682840
683092
683186
683206
683454
683486
683556
683625
683729
683770
683850
683973
684472
684593
684678
684828
684904
684912
685016
685244
685370
685679
685698
685779
685804
685875
685906
685906
685996
686078
686239
686335
686375
686462
686517
686552
686657
686679
686695
686733
686734
686758
686827
686829
686841
686849
686853
686988
687024
687073
687110
687182
687550
687614
687693
687732
687816
687893
688084
688330
688343
688568
688706
688714
688743
689074
689083
689176
689306
689400
689413
689564
690240
690470
690471
690509
690531
690708
690724
690935
691013
691074
691303
691356
691450
691824
691865
691915
692068
692318
692417
692427
692521
692613
692787
693013
693086
693287
693305
693317
693360
693391
693589
693596
693921
694004
694019
694128
694330
694490
694506
694603
695170
695337
695386
695446
695550
695624
695630
695866
695998
696173
696182
696218
696246
696256
696268
696412
696461
696482
696680
696744
696880
696930
696944
696996
697042
697059
697261
697380
697433
697503
697759
697925
697941
697951
698026
698029
698277
698334
698337
698361
698451
698575
698704
698745
698766
698923
698931
699032
699071
699089
699336
699371
699393
699414
699515
699536
699647
699742
699809
699881
699898
699964
699994
700134
700209
700242
700355
700362
700512
700626
700717
700737
700763
700778
700886
700913
700976
700988
701009
701188
701496
701588
701644
701761
701800
701887
702063
702096
702247
702300
702311
702312
702394
702463
702630
702785
702896
702997
703032
703197
703237
703329
703345
703590
703687
703979
704151
704212
704353
704454
704529
704551
704706
705056
705170
705189
705234
705325
705379
705408
705416
705447
705541
705810
705920
705985
705992
706180
706295
706351
706476
706753
706822
707063
707098
707158
707179
707190
707318
707583
707605
707615
707806
707953
708069
708105
708282
708497
708529
708760
708774
708835
708927
709000
709031
709037
709043
709144
709214
709237
709373
709517
709520
709523
709540
709597
709802
709805
709987
710024
710052
710133
710180
710181
710211
710248
710403
710640
710671
710800
710800
710920
710961
711107
711133
711137
711205
711272
711678
711683
711784
711803
711942
712047
712104
712164
712230
712338
712436
712453
712548
712779
712902
712969
713275
713322
713385
713456
713615
713657
714004
714159
714229
714501
714564
714579
714583
714641
714669
714686
714733
714774
714805
714830
714924
714948
715037
715136
715347
715373
715398
715426
715682
715726
716171
716186
716214
716454
716570
716619
716710
716736
716792
716910
716914
716917
717034
717109
717357
717371
717393
717477
717553
717596
717655
718011
718125
718149
718253
718593
718601
718619
718699
718798
718925
718952
719015
719052
719066
719231
719245
719459
719488
719539
719546
719657
719775
719839
719965
720336
720344
720375
720522
720703
720709
720728
720765
720787
720929
720968
720970
720974
721024
721173
721241
721354
721439
721494
721521
721663
722006
722122
722124
722214
722355
722727
722856
722900
722929
722992
723019
723020
723062
723078
723139
723346
723639
723797
723798
723938
724069
724192
724345
724361
724577
724755
724842
724958
725166
725326
725686
725690
725822
725899
726093
726119
726379
726495
726541
726636
726784
727136
727141
727216
727336
727390
727443
727515
727606
727702
727909
727912
728029
728174
728359
728508
728533
728702
728722
728816
729111
729194
729221
729340
729382
729424
729481
729510
729674
729771
729851
729890
729977
730109
730538
730758
731167
731191
731315
731505
731654
731798
731819
731831
731844
732037
732186
732500
732521
732571
732663
732897
733043
733045
733203
733311
733470
733619
733771
733945
733959
733983
734211
734335
734642
734660
734672
734725
734849
734986
734992
735030
735133
735306
735323
735420
735480
735518
735707
735738
735754
735883
735919
735966
736082
736103
736140
736190
736445
736729
736734
736742
736762
736772
736781
736809
736863
736956
736983
737002
737032
737057
737107
737214
737377
737445
737775
737778
737872
737921
738070
738263
738324
738464
738713
738744
738816
738865
738987
739016
739100
739130
739139
739184
739248
739440
739604
739617
739686
739713
739867
740017
740334
740349
740383
741051
741061
741063
741064
741103
741138
741227
741272
741360
741402
741463
741502
741550
741596
741608
741609
741611
741643
741928
741982
742076
742190
742254
742402
742657
742667
743066
743106
743303
743668
743899
744018
744090
744280
744319
744328
744403
744406
744440
744507
744613
744783
744914
744938
744986
745107
745116
745434
745743
745819
745854
745919
746001
746178
746226
746340
746604
746822
746871
746892
746923
747081
747170
747283
747319
747476
747529
747565
747608
747647
747722
747879
748142
748339
748353
748456
748493
748562
748618
748690
748711
748733
748881
748899
748919
749306
749314
749462
749465
749600
749696
749755
749789
749854
750061
750074
750175
750344
750512
750516
750573
750760
750802
750915
751007
751087
751307
751314
751348
751558
751571
751639
751651
751663
751681
752083
752202
752240
752301
752357
752489
752526
752562
752605
752621
752770
752943
753121
753267
753329
753491
753523
753878
753927
753983
754175
754296
754310
754335
754359
754366
754383
754474
754685
754698
754737
754901
755193
755300
755669
755742
755893
756029
756058
756156
756213
756282
756533
756587
756666
756668
756728
756732
757007
757025
757127
757182
757282
757387
757391
757600
757663
757859
758025
758074
758253
758253
758351
758478
758503
758554
758577
758608
758693
758695
758745
758800
758829
758966
759299
759391
759594
759688
759719
759918
760005
760036
760179
760202
760260
760318
760458
760497
760759
760784
760786
760818
760930
760975
761040
761137
761277
761290
761292
761625
761636
761838
762083
762125
762174
762208
762264
762329
762600
762636
762666
762666
762686
762738
763052
763077
763157
763167
763856
764056
764084
764098
764507
764524
764681
764824
764901
765082
765098
765155
765439
765558
765879
765933
765967
766026
766027
766206
766259
766411
766642
766648
766673
766705
766712
766758
767000
767619
767774
767893
768130
768275
768892
769221
769238
769382
769427
769444
769456
769484
769508
769580
769671
769723
769818
769847
769973
769998
770262
770335
770338
770356
770454
770592
770604
770724
770739
771033
771215
771383
771687
771761
771817
771839
771843
772132
772164
772183
772304
772476
772658
772678
772696
772743
772824
772873
773069
773427
773463
773565
773605
773631
773681
773737
773793
773919
774032
774458
774607
774694
774767
775095
775214
775248
775273
775394
775760
776091
776158
776236
776291
776470
776473
776542
776546
776593
776767
776784
776819
776863
777060
777061
777151
777169
777203
777585
777625
777708
777843
777898
777951
777973
778239
778299
778301
778376
778406
778439
778560
778655
778672
778684
778715
778854
778920
778948
779011
779125
779179
779191
779255
779433
779458
779489
779663
779810
780000
780190
780218
780431
780713
780717
781017
781045
781102
781397
781422
781430
781467
781481
781488
781505
781506
781622
781672
781679
781696
781703
781795
782035
782121
782216
782251
782330
782841
783042
783084
783287
783617
783795
783938
783956
784036
784042
784108
784178
784269
784493
784658
784705
784763
784858
785057
785073
785160
785223
785256
785411
785648
785719
785767
785828
785937
786228
786272
786347
786349
786373
786522
786647
786725
786764
786774
786883
786978
787026
787403
787410
787411
787415
787529
787615
787724
787752
787944
787976
788159
788188
788242
788266
788334
788395
788411
788419
788443
788499
788609
788658
788670
788981
789206
789365
789621
789625
789853
789921
790141
790149
790244
790310
790325
790334
790462
790508
791061
791559
791693
791782
791831
791953
792163
792265
792318
792338
792391
792426
792462
792624
792657
792793
792859
793036
793189
793253
793325
793582
793616
793715
793718
794111
794175
794186
794283
794288
794453
794562
794575
794605
794619
794747
794858
794930
795019
795192
795273
795353
795408
795411
795438
795851
796010
796483
796570
796575
796586
796632
796658
796909
797070
797370
797388
797389
797456
797556
797701
797808
797809
797871
797928
798001
798080
798320
798444
798523
798530
798575
798604
798655
798725
798798
798804
798846
798961
799055
799109
799155
799159
799421
799460
799578
799702
799828
799849
799874
799978
800103
800214
800279
800379
800396
800403
800458
800510
800783
800863
800927
801002
801121
801400
801417
801473
801523
801611
801615
802067
802113
802414
802418
802589
802755
803039
803099
803421
803440
803611
803627
803718
803736
803794
803890
804019
804046
804080
804096
804196
804284
804552
804635
804842
805123
805147
805197
805284
805296
805449
805520
805640
806069
806225
806239
806384
806508
806670
806704
806883
806937
807048
807068
807259
807369
807394
807419
807547
807590
807616
807616
808088
808352
808408
808731
808920
809421
809436
809443
809812
809821
809972
810238
810245
810268
810360
810423
810481
810520
810698
810729
810772
810901
811055
811117
811156
811188
811215
811329
811370
811635
811735
812052
812064
812454
812477
812564
812618
812633
812742
812756
813077
813374
813636
813719
813781
814152
814208
814494
814508
814555
814609
814614
814676
814749
814844
814878
814970
815138
815170
815180
815190
815221
815240
815482
815517
815519
815997
816337
816893
816930
816956
817002
817048
817292
817359
817642
817743
817824
817897
817989
818041
818198
818233
818345
818460
818517
818633
818636
818642
818673
818678
818773
818811
818872
818935
818963
819029
819036
819070
819099
819184
819213
819225
819244
819315
819325
819348
819373
819387
819420
819421
819425
819581
819802
819813
819906
819932
820170
820186
820286
820349
820545
820564
820571
820595
820696
821122
821195
821308
821388
821410
821415
821424
821603
821861
821875
821991
822077
822119
822128
822173
822289
822514
822575
822649
822877
822908
823056
823154
823377
823551
823651
823659
823666
823706
823823
823971
824074
824076
824382
824400
824412
824421
824518
824643
824767
824910
824925
825284
825408
825568
825610
825624
825650
825723
825895
826180
826226
826256
826388
826418
826434
826442
826451
826488
826496
826553
826753
826784
826812
826844
826852
826898
826927
827280
827508
827633
827831
827858
827982
828017
828243
828294
828417
828430
828459
828529
828693
828827
829014
829146
829178
829203
829438
829456
829602
829687
829715
829750
829865
829889
830014
830076
830095
830134
830206
830669
830702
830891
830998
831097
831155
831157
831219
831264
831327
831508
831538
831619
831712
831792
832056
832260
832644
832730
832811
832880
832998
833056
833070
833099
833239
833369
833377
833455
833543
833672
833677
833769
833998
834104
834132
834359
834436
834663
834667
834830
834873
834892
834922
835099
835113
835213
835262
835275
835299
835306
835330
835498
835653
836157
836239
836491
836605
836619
836664
836889
836894
836898
837114
837164
837274
837314
837641
837672
837790
837910
838057
838284
838472
838505
838615
838662
838767
838857
838900
839021
839041
839088
839113
839125
839162
839334
839347
839564
839590
839697
839725
839743
839792
839832
839899
840130
840604
840640
840720
840757
840969
840979
841147
841178
841184
841185
841300
841429
841841
842009
842168
842173
842237
842265
842276
842306
842363
842419
842972
843012
843031
843039
843064
843163
843342
843376
843403
843480
843640
843671
843936
844300
844390
844433
844454
844552
844905
845192
845226
845364
845389
845402
845479
845543
845558
845661
845665
845665
845785
846028
846028
846038
846065
846187
846335
846472
846495
846542
846558
846573
846578
846618
846723
846723
846892
846959
847046
847118
847133
847706
847745
847768
847871
847988
848365
848527
848549
848737
848755
848889
848914
849028
849041
849074
849129
849154
849199
849345
849405
849414
849430
849610
849747
849796
849865
850735
850760
850780
851010
851048
851235
851372
851570
851617
851625
851631
851741
851917
851924
852091
852117
852257
852270
852689
852734
852907
852929
853191
853267
853316
853331
853394
853427
853451
853630
853684
853730
853931
854039
854350
854466
854792
854891
854896
854897
854959
855113
855121
855376
855571
855680
855730
855799
855808
855897
856082
856236
856309
856470
856513
856514
856705
856746
856913
856983
857025
857088
857203
857327
857338
857469
857570
857625
857710
857725
857847
857945
858333
858502
858580
858761
858768
858860
858865
858870
858902
858982
859142
859226
859356
859411
859451
859478
859496
859571
859629
859644
859720
860172
860270
860477
860631
860816
861065
861646
861809
861816
861912
862014
862046
862232
862330
862648
863249
863259
863267
863339
863411
863466
863487
863620
863714
863789
863896
863987
864031
864072
864256
864375
864426
864585
864586
864672
864706
864779
865147
865147
865161
865183
865202
865238
865284
865367
865564
865768
865900
866271
866290
866479
866572
866778
866871
866919
867061
867100
867131
867154
867270
867354
867379
867561
867643
867804
867844
867871
867929
868180
868208
868310
868467
868511
868587
868713
868799
869131
869139
869311
869432
869825
869870
869935
870005
870109
870143
870179
870210
870340
870345
870612
871071
871167
871191
871293
871383
871391
871471
871809
872061
872170
872224
872294
872305
872449
872661
872812
872876
873041
873078
873206
873339
873543
873601
873736
873770
874012
874069
874078
874204
874241
874248
874358
874387
874387
874605
874727
874778
874789
874886
875173
875280
875365
875411
875438
875489
876060
876075
876138
876182
876205
876338
876387
876446
876489
876516
876696
876749
876766
876884
877109
877396
877482
877527
877584
877772
877792
877859
877872
877876
877917
877959
878096
878132
878215
878281
878465
878476
878513
878570
878586
878764
878842
878957
879037
879146
879191
879265
879303
879606
879646
879739
879756
879987
880044
880109
880198
880240
880372
880596
880726
880730
880739
880838
881284
881293
881411
881419
881454
881612
881624
881633
881929
882050
882050
882180
882273
882410
882442
882573
882592
882605
882644
883179
883211
883211
883262
883431
883500
883508
883575
883580
883598
883845
883851
883888
884006
884031
884126
884164
884270
884408
884442
884517
884565
884585
884592
884658
884778
884996
885053
885096
885120
885343
885374
885556
885582
885652
885713
885720
885904
886112
886269
886319
886397
886629
886861
886928
886966
887480
887582
887607
887608
887666
887740
887755
887783
887870
887955
887974
888161
888227
888263
888373
888522
888548
888550
888580
888636
888777
888844
888874
888896
889061
889102
889294
889535
889558
889593
889753
889808
889862
890514
890610
890618
890716
890751
890883
890941
891077
891090
891174
891246
891272
891464
891501
891526
891542
891773
891835
891949
891952
891962
891962
892018
892026
892093
892121
892259
892283
892438
892518
892724
892758
892876
892883
892896
893005
893010
893290
893355
893367
893411
893627
893635
893641
893707
893737
893748
893861
894027
894046
894056
894069
894303
894363
894399
894416
894483
894547
894687
894816
894890
895327
895391
895429
895433
895617
895652
895725
895733
895751
896005
896045
896060
896070
896117
896197
896326
896383
896445
896511
896572
896678
896775
896842
896853
896915
896973
897150
897208
897280
897500
897542
897613
897751
897782
897856
897916
897919
898083
898180
898293
898440
898465
898645
898669
898712
898793
898860
899020
899083
899237
899369
899378
899850
899943
900282
900576
900595
900749
900773
900823
900828
900839
900927
900934
900980
901013
901049
901134
901179
901184
901269
901386
901533
901686
901694
902584
902852
902887
902906
902945
902947
903191
903236
903266
903331
903414
903495
903592
903673
903676
903728
903738
903823
903852
903993
904049
904082
904082
904172
904380
904691
904795
904994
905086
905087
905102
905277
905367
905392
905493
905572
905647
905674
905827
905922
906116
906184
906207
906290
906466
906587
906924
906992
907051
907165
907311
907592
907832
907954
908016
908101
908151
908191
908201
908290
908391
908490
908888
908913
908913
909005
909141
909193
909239
909278
909295
909299
909555
909569
909584
909587
909678
909694
909814
909939
910116
910178
910329
910351
910354
910377
910389
910456
910735
910787
910862
910869
910904
910955
911032
911054
911135
911165
911217
911292
911316
911380
911460
911716
911722
911797
911967
911970
911987
912060
912276
912410
912527
912640
912718
912749
912785
912797
912928
913024
913035
913168
913292
913577
913591
913671
913945
914225
914239
914281
914429
914498
914649
914815
914957
915017
915061
915089
915221
915239
915263
915270
915370
915396
915409
915457
915536
915630
915730
915736
915952
915986
916069
916085
916123
916174
916205
916351
916413
916494
916558
916593
916896
916906
916921
917238
917419
917441
917442
917541
917803
917999
918007
918039
918085
918174
918516
918578
918903
919118
919302
919373
919446
919488
919537
919568
919569
919576
919628
919672
919721
919723
919750
919781
919828
919878
919920
919987
920162
920298
920413
920450
920852
920907
921034
921060
921189
921191
921214
921216
921252
921324
921372
921475
921644
921683
921841
921993
922000
922029
922069
922108
922205
922226
922286
922315
922372
922394
922505
922598
922940
922983
923016
923179
923254
923449
923538
923578
924142
924325
924351
924391
924722
924739
924799
924856
925088
925246
925380
925510
925775
925969
926049
926077
926155
926176
926223
926407
926456
926540
926654
926717
927194
927647
927982
928049
928088
928122
928391
928433
928590
928651
928695
928876
929085
929267
929286
929497
929701
929793
929927
930031
930042
930139
930175
930178
930321
930422
930428
930461
930473
930592
930647
930794
930917
931112
931166
931207
931230
931331
931346
931386
931481
931621
931652
932070
932107
932192
932422
932602
932849
932960
933096
933113
933136
933258
933450
933467
933536
933623
933643
933714
933800
933875
933987
934067
934222
934294
934330
934545
934964
935037
935145
935156
935383
935503
935561
935657
935698
935810
935980
936219
936230
936237
936266
936302
936314
936489
936506
936615
936638
936651
936876
936882
936892
936894
937117
937122
937595
937775
937811
937936
937960
938151
938166
938242
938406
938418
938513
938575
938727
938773
938998
939014
939019
939048
939057
939095
939104
939115
939144
939238
939251
939283
939414
939418
939671
939696
939835
939915
939981
939987
940162
940217
940504
940585
940718
940750
940765
940809
940904
941073
941099
941235
941238
941317
941328
941345
941416
941597
941873
942062
942271
942392
942404
942569
942637
942775
942953
942991
943107
943141
943240
943241
943405
943463
943959
944007
944257
944297
944342
944509
944587
944591
944773
944979
945031
945369
945468
945488
945625
945632
945723
945757
945777
945887
945955
946027
946128
946191
946252
946271
946336
946370
946417
946453
946481
946545
946555
946752
946760
946763
946866
946890
947011
947257
947319
947572
947667
947953
948108
948180
948182
948193
948208
948268
948350
948400
948586
948728
948858
949025
949093
949158
949385
949498
949523
949647
949690
949841
950246
950250
950280
950300
950595
950615
950711
950780
951153
951236
951483
951526
951851
952368
952413
952417
952478
952550
952689
952736
952796
952823
953102
953105
953175
953183
953351
953379
953530
953618
953676
953758
953845
953910
953960
953970
954028
954122
954124
954216
954218
954224
954244
954284
954314
954349
954434
954441
954477
954549
954719
954722
954816
954892
954996
955023
955255
955310
955496
955525
955637
955693
955922
955939
955955
956096
956111
956175
956279
956331
956345
956628
957004
957024
957213
957215
957236
957292
957499
957674
957994
958047
958118
958235
958239
958304
958493
958559
958578
958714
958797
958925
958994
958998
959004
959097
959321
959350
959421
959493
959529
959561
959617
960027
960095
960166
960200
960290
960343
960356
960417
960550
960608
960648
960816
960926
960974
961063
961089
961270
961340
961408
961474
961481
961639
961717
961893
962048
962092
962113
962116
962145
962389
962419
962449
962813
962989
962990
963168
963339
963539
963658
963738
963762
963768
963777
963781
963837
963848
963874
963965
964004
964056
964057
964112
964137
964328
964357
964407
964665
964775
965039
965364
965481
965490
965580
965608
965631
965819
965906
965951
965977
966104
966294
966576
966732
966806
966828
966898
967123
967261
967278
967440
967475
968335
968345
968372
968376
968466
968536
968687
968696
968724
968801
968914
969092
969118
969165
969223
969516
969573
969603
969612
969727
969765
969798
969864
969883
970006
970075
970094
970116
970349
970469
970518
970590
970796
971065
971088
971165
971234
971247
971360
971495
971648
971711
971759
971871
971905
971989
972262
972292
972317
972443
972481
972501
972588
972815
972846
972884
972918
972959
973086
973237
973344
973425
973563
973568
973599
973752
973799
973834
973863
973940
973991
974410
974534
974633
974891
974901
974968
975040
975206
975422
975452
975763
975816
975843
975927
975984
976171
976832
976924
976956
976988
977011
977318
977386
977411
977413
977459
977497
977547
977735
977810
977988
978019
978117
978314
978402
978631
978755
978791
978852
978898
979036
979239
979304
979360
979388
979474
979521
979574
979654
979849
979964
980098
980176
980266
980353
980362
980458
980541
980649
980664
980775
980808
980854
981088
981504
981861
982038
982381
982502
982902
982929
983014
983124
983173
983273
983299
983503
983640
983644
983647
983678
983721
983724
984018
984084
984215
984328
984430
984434
984642
984743
985123
985137
985285
985294
985371
985460
985511
985640
985705
985781
985808
985950
986036
986108
986124
986332
986537
986720
986788
986857
986867
986933
987145
987150
987182
987193
987484
987672
987741
987783
987809
987831
987834
988033
988054
988173
988349
988394
988396
988473
988548
988713
988786
989157
989221
989407
989534
989593
989667
989751
989817
989928
990529
990700
990702
990739
990809
990989
991060
991082
991259
991370
991408
991449
991929
991944
992090
992151
992213
992214
992285
992361
992458
992559
992650
992923
993329
993583
993717
993853
993909
993936
994073
994150
994169
994251
994258
994459
994576
994612
994670
994711
994896
995031
995107
995336
995408
995678
995719
995864
995935
995975
995984
996063
996069
996101
996245
996248
996341
996843
996849
997010
997093
997150
997451
997464
997624
997630
997644
997706
997748
997823
997830
997916
997919
998177
998178
998271
998347
998347
998379
998435
998572
998604
998663
998681
998745
998925
999083
999182
999217
999482
999535
999544
999548
999648
999695
999985
999995
